host_job_create_tstamp,host_job_serialize_time,func_data_size_bytes,func_module_size_bytes,host_func_upload_time,host_data_upload_time,host_job_created_time,host_status_done_tstamp,host_status_query_count,worker_start_tstamp,host_submit_tstamp,worker_cold_start,worker_peak_memory_start,worker_func_start_tstamp,worker_func_end_tstamp,worker_func_exec_time,func_result_size,worker_result_upload_time,worker_peak_memory_end,worker_end_tstamp,worker_exec_time,host_result_done_tstamp,host_result_query_count
1700643052.7535255,0.042067,10304,753,0.027962,0,0.072194,1700643061.5028143,1,1700643054.9264328,1700643052.8269606,True,66220032.0,1700643054.5412776,1700643059.5463426,5.00506496,5.0,0.0,67088384.0,1700643059.5500748,5.07755876,1700643062.190787,0
1700643052.7535255,0.042067,10304,753,0.027962,0,0.072194,1700643061.7880306,1,1700643054.7330394,1700643052.8269606,True,66220032.0,1700643054.5675404,1700643059.5726042,5.00506377,5.0,0.0,67088384.0,1700643059.575829,5.08617687,1700643062.1991837,0
1700643052.7535255,0.042067,10304,753,0.027962,0,0.072194,1700643061.807408,1,1700643054.5490503,1700643052.8269606,True,66220032.0,1700643054.5706606,1700643059.574461,5.00380039,5.0,0.0,67088384.0,1700643059.577591,5.08720446,1700643062.200521,0
1700643052.7535255,0.042067,10304,753,0.027962,0,0.072194,1700643062.0330515,1,1700643054.4867218,1700643052.8269606,True,66228224.0,1700643054.566575,1700643059.5716329,5.00505781,5.0,0.0,67092480.0,1700643059.5750172,5.0820775,1700643062.6646686,0
1700643052.7535255,0.042067,10304,753,0.027962,0,0.072194,1700643062.0418596,1,1700643054.5446317,1700643052.8269606,True,66220032.0,1700643054.554707,1700643059.5597675,5.00506043,5.0,0.0,67088384.0,1700643059.5631654,5.06472468,1700643062.6639514,0
1700643052.7535255,0.042067,10304,753,0.027962,0,0.072194,1700643062.028994,1,1700643054.6770954,1700643052.8269606,True,66228224.0,1700643054.598224,1700643059.6032856,5.00506163,5.0,0.0,67096576.0,1700643059.6064646,5.09931254,1700643062.6898994,0
1700643052.7535255,0.042067,10304,753,0.027962,0,0.072194,1700643062.0419917,1,1700643054.5086308,1700643052.8269606,True,66224128.0,1700643054.5721118,1700643059.5771775,5.00506568,5.0,0.0,67092480.0,1700643059.5811548,5.07256174,1700643062.6630318,0
1700643052.7535255,0.042067,10304,753,0.027962,0,0.072194,1700643061.5179553,1,1700643054.6597276,1700643052.8269606,True,66228224.0,1700643054.576826,1700643059.578463,5.00163698,5.0,0.0,67096576.0,1700643059.5815372,5.07282114,1700643062.2008655,0
1700643052.7535255,0.042067,10304,753,0.027962,0,0.072194,1700643061.54478,1,1700643054.6738625,1700643052.8269606,True,66228224.0,1700643054.577569,1700643059.5824668,5.00489783,5.0,0.0,67096576.0,1700643059.5853794,5.0760951,1700643062.2012029,0
1700643052.7535255,0.042067,10304,753,0.027962,0,0.072194,1700643062.0430868,1,1700643054.5723155,1700643052.8269606,True,66232320.0,1700643054.572782,1700643059.5778403,5.00505829,5.0,0.0,67100672.0,1700643059.5811825,5.07168317,1700643062.6677537,0
1700643052.7535255,0.042067,10304,753,0.027962,0,0.072194,1700643062.0387983,1,1700643054.7157311,1700643052.8269606,True,66228224.0,1700643054.5714028,1700643059.5764656,5.00506282,5.0,0.0,67096576.0,1700643059.579542,5.06969857,1700643062.714802,0
1700643052.7535255,0.042067,10304,753,0.027962,0,0.072194,1700643061.5623994,1,1700643054.946158,1700643052.8269606,True,66228224.0,1700643054.5646706,1700643059.5697303,5.00505996,5.0,0.0,67096576.0,1700643059.573124,5.06314564,1700643062.2211907,0
1700643052.7535255,0.042067,10304,753,0.027962,0,0.072194,1700643061.5870352,1,1700643054.6359084,1700643052.8269606,True,66191360.0,1700643054.749581,1700643059.7544632,5.00488186,5.0,0.0,67538944.0,1700643059.7580822,5.06919456,1700643062.22349,0
1700643052.7535255,0.042067,10304,753,0.027962,0,0.072194,1700643062.154415,1,1700643054.8813448,1700643052.8269606,True,66191360.0,1700643054.7428944,1700643059.7464693,5.00357485,5.0,0.0,67538944.0,1700643059.7501214,5.05919242,1700643062.839503,0
1700643052.7535255,0.042067,10304,753,0.027962,0,0.072194,1700643061.6041737,1,1700643055.1898203,1700643052.8269606,True,66191360.0,1700643054.746917,1700643059.7504616,5.00354457,5.0,0.0,67538944.0,1700643059.7538855,5.06124234,1700643062.223901,0
1700643052.7535255,0.042067,10304,753,0.027962,0,0.072194,1700643061.625781,1,1700643054.599507,1700643052.8269606,True,66195456.0,1700643054.7628143,1700643059.7665408,5.00372624,5.0,0.0,67543040.0,1700643059.7708976,5.07701778,1700643062.2272294,0
1700643052.7535255,0.042067,10304,753,0.027962,0,0.072194,1700643062.220272,1,1700643054.5994902,1700643052.8269606,True,66199552.0,1700643054.7693536,1700643059.7711265,5.00177288,5.0,0.0,67166208.0,1700643059.7745235,5.07940674,1700643062.7284305,0
1700643052.7535255,0.042067,10304,753,0.027962,0,0.072194,1700643061.6459458,1,1700643055.0488126,1700643052.8269606,True,66199552.0,1700643054.7679403,1700643059.7704744,5.00253391,5.0,0.0,67170304.0,1700643059.7745004,5.07648897,1700643062.2298322,0
1700643052.7535255,0.042067,10304,753,0.027962,0,0.072194,1700643062.2424371,1,1700643055.141446,1700643052.8269606,True,66199552.0,1700643054.761989,1700643059.7664654,5.00447631,5.0,0.0,67547136.0,1700643059.7707014,5.07064819,1700643062.7903802,0
1700643052.7535255,0.042067,10304,753,0.027962,0,0.072194,1700643062.2468617,1,1700643054.7343428,1700643052.8269606,True,66199552.0,1700643054.7812932,1700643059.7824566,5.00116348,5.0,0.0,67547136.0,1700643059.7857778,5.08560324,1700643062.8241906,0
1700643052.7535255,0.042067,10304,753,0.027962,0,0.072194,1700643062.2226005,1,1700643054.8902178,1700643052.8269606,True,66199552.0,1700643054.7647002,1700643059.7664683,5.00176811,5.0,0.0,67170304.0,1700643059.7713523,5.06918621,1700643062.8380384,0
1700643052.7535255,0.042067,10304,753,0.027962,0,0.072194,1700643061.6778193,1,1700643054.7842944,1700643052.8269606,True,66199552.0,1700643054.7655,1700643059.770471,5.00497127,5.0,0.0,67547136.0,1700643059.7740982,5.07061958,1700643062.229524,0
1700643052.7535255,0.042067,10304,753,0.027962,0,0.072194,1700643062.215947,1,1700643054.7857425,1700643052.8269606,True,66203648.0,1700643054.771828,1700643059.774464,5.00263596,5.0,0.0,67174400.0,1700643059.7774625,5.0719347,1700643062.841554,0
1700643052.7535255,0.042067,10304,753,0.027962,0,0.072194,1700643062.222514,1,1700643054.904732,1700643052.8269606,True,66207744.0,1700643054.7636268,1700643059.7664611,5.00283432,5.0,0.0,67555328.0,1700643059.7707813,5.06352854,1700643062.8371303,0
1700643052.7535255,0.042067,10304,753,0.027962,0,0.072194,1700643061.6939924,1,1700643054.4542596,1700643052.8269606,True,66187264.0,1700643054.4924886,1700643059.4944625,5.00197363,5.0,0.0,67158016.0,1700643059.4975555,5.11844087,1700643062.2300832,0
1700643052.7535255,0.042067,10304,753,0.027962,0,0.072194,1700643061.7236624,1,1700643054.3071716,1700643052.8269606,True,66187264.0,1700643054.4679337,1700643059.473,5.00506639,5.0,0.0,67534848.0,1700643059.4762478,5.0953021,1700643062.251437,0
1700643052.7535255,0.042067,10304,753,0.027962,0,0.072194,1700643062.2281375,1,1700643054.4929016,1700643052.8269606,True,66191360.0,1700643054.4479716,1700643059.453044,5.00507236,5.0,0.0,67538944.0,1700643059.4569485,5.0742147,1700643062.8343818,0
1700643052.7535255,0.042067,10304,753,0.027962,0,0.072194,1700643061.7473166,1,1700643054.4494066,1700643052.8269606,True,66195456.0,1700643054.496025,1700643059.50003,5.00400472,5.0,0.0,67162112.0,1700643059.5031357,5.11877322,1700643062.2428284,0
1700643052.7535255,0.042067,10304,753,0.027962,0,0.072194,1700643062.2210636,1,1700643054.8044941,1700643052.8269606,True,66191360.0,1700643054.4985223,1700643059.5036185,5.0050962,5.0,0.0,67158016.0,1700643059.506715,5.1206553,1700643062.8400033,0
1700643052.7535255,0.042067,10304,753,0.027962,0,0.072194,1700643061.7651896,1,1700643054.4315603,1700643052.8269606,True,66191360.0,1700643054.481788,1700643059.4864578,5.0046699,5.0,0.0,67162112.0,1700643059.489447,5.10166073,1700643062.2488403,0
1700643052.7535255,0.042067,10304,753,0.027962,0,0.072194,1700643062.2362208,1,1700643054.4674585,1700643052.8269606,True,66191360.0,1700643054.4879892,1700643059.4904568,5.00246763,5.0,0.0,67162112.0,1700643059.493554,5.10404181,1700643062.849769,0
1700643052.7535255,0.042067,10304,753,0.027962,0,0.072194,1700643061.781555,1,1700643054.3161848,1700643052.8269606,True,66195456.0,1700643054.4699285,1700643059.474985,5.00505662,5.0,0.0,67543040.0,1700643059.4782224,5.08705282,1700643062.252601,0
1700643052.7535255,0.042067,10304,753,0.027962,0,0.072194,1700643061.8145444,1,1700643054.3273518,1700643052.8269606,True,66195456.0,1700643054.512376,1700643059.517439,5.00506282,5.0,0.0,67166208.0,1700643059.5203302,5.12694883,1700643062.2558994,0
1700643052.7535255,0.042067,10304,753,0.027962,0,0.072194,1700643061.8169963,1,1700643054.8628275,1700643052.8269606,True,66195456.0,1700643054.4648662,1700643059.4699855,5.00511932,5.0,0.0,67543040.0,1700643059.4733076,5.07733369,1700643062.2521355,0
1700643052.7535255,0.042067,10304,753,0.027962,0,0.072194,1700643062.313737,1,1700643054.4239662,1700643052.8269606,True,66199552.0,1700643054.490095,1700643059.495299,5.0052042,5.0,0.0,67170304.0,1700643059.4985013,5.09089017,1700643062.8478756,0
1700643052.7535255,0.042067,10304,753,0.027962,0,0.072194,1700643061.822112,1,1700643054.8798158,1700643052.8269606,True,66199552.0,1700643054.5032463,1700643059.5083656,5.00511932,5.0,0.0,67170304.0,1700643059.5115554,5.10248184,1700643062.258913,0
1700643052.7535255,0.042067,10304,753,0.027962,0,0.072194,1700643061.8542902,1,1700643054.7161958,1700643052.8269606,True,66121728.0,1700643054.7308593,1700643059.7359235,5.00506425,5.0,0.0,67284992.0,1700643059.7392995,5.06531549,1700643062.3532312,0
1700643052.7535255,0.042067,10304,753,0.027962,0,0.072194,1700643061.859095,1,1700643054.8122954,1700643052.8269606,True,66121728.0,1700643054.7315376,1700643059.7344842,5.00294662,5.0,0.0,67248128.0,1700643059.7390106,5.06320381,1700643062.84859,0
1700643052.7535255,0.042067,10304,753,0.027962,0,0.072194,1700643061.847732,1,1700643054.7909582,1700643052.8269606,True,66121728.0,1700643054.75657,1700643059.7584653,5.00189519,5.0,0.0,67284992.0,1700643059.761265,5.08390474,1700643062.2626991,0
1700643052.7535255,0.042067,10304,753,0.027962,0,0.072194,1700643062.249534,1,1700643055.074736,1700643052.8269606,True,66117632.0,1700643054.734046,1700643059.7384658,5.0044198,5.0,0.0,67284992.0,1700643059.741575,5.06262708,1700643062.861304,0
1700643052.7535255,0.042067,10304,753,0.027962,0,0.072194,1700643061.9918025,1,1700643055.1783137,1700643052.8269606,True,66125824.0,1700643054.7517846,1700643059.7544634,5.00267887,5.0,0.0,67534848.0,1700643059.757992,5.07763815,1700643062.852496,0
1700643052.7535255,0.042067,10304,753,0.027962,0,0.072194,1700643061.9093428,1,1700643054.715467,1700643052.8269606,True,66129920.0,1700643054.750496,1700643059.7544622,5.00396633,5.0,0.0,67416064.0,1700643059.759898,5.07777381,1700643062.847081,0
1700643052.7535255,0.042067,10304,753,0.027962,0,0.072194,1700643061.9463434,1,1700643055.0494132,1700643052.8269606,True,66125824.0,1700643054.7482889,1700643059.7504644,5.00217557,5.0,0.0,67538944.0,1700643059.753755,5.0703063,1700643062.8580904,0
1700643052.7535255,0.042067,10304,753,0.027962,0,0.072194,1700643062.2171335,1,1700643054.924356,1700643052.8269606,True,66129920.0,1700643054.768655,1700643059.7704632,5.00180817,5.0,0.0,67477504.0,1700643059.7735362,5.08777857,1700643062.8518424,0
1700643052.7535255,0.042067,10304,753,0.027962,0,0.072194,1700643062.3193429,1,1700643054.8253558,1700643052.8269606,True,66129920.0,1700643054.7531648,1700643059.7544613,5.00129652,5.0,0.0,67477504.0,1700643059.7594452,5.07275939,1700643062.869347,0
1700643052.7535255,0.042067,10304,753,0.027962,0,0.072194,1700643061.9932497,1,1700643055.1783254,1700643052.8269606,True,66129920.0,1700643054.7638974,1700643059.766467,5.00256968,5.0,0.0,67297280.0,1700643059.769631,5.08090639,1700643062.8845158,0
1700643052.7535255,0.042067,10304,753,0.027962,0,0.072194,1700643061.994161,1,1700643054.6674104,1700643052.8269606,True,66129920.0,1700643054.7497184,1700643059.7544663,5.00474811,5.0,0.0,67477504.0,1700643059.759498,5.06902075,1700643062.8797822,0
1700643052.7535255,0.042067,10304,753,0.027962,0,0.072194,1700643062.307957,1,1700643054.9899201,1700643052.8269606,True,66129920.0,1700643054.7524035,1700643059.754465,5.00206137,5.0,0.0,67231744.0,1700643059.7594075,5.06680465,1700643062.9364042,0
1700643052.7535255,0.042067,10304,753,0.027962,0,0.072194,1700643062.357323,1,1700643054.5450697,1700643052.8269606,True,66007040.0,1700643054.5428703,1700643059.5470686,5.00419807,5.0,0.0,67207168.0,1700643059.5495763,5.0938611,1700643063.0561829,0
1700643052.7535255,0.042067,10304,753,0.027962,0,0.072194,1700643062.0181868,1,1700643054.6383178,1700643052.8269606,True,66007040.0,1700643054.5411596,1700643059.544248,5.00308847,5.0,0.0,67207168.0,1700643059.5469265,5.08857131,1700643063.0092273,0
1700643052.7535255,0.042067,10304,753,0.027962,0,0.072194,1700643062.0459013,1,1700643054.9103022,1700643052.8269606,True,66007040.0,1700643054.5355043,1700643059.5405943,5.00509,5.0,0.0,67207168.0,1700643059.54393,5.08360958,1700643063.095585,0
1700643052.7535255,0.042067,10304,753,0.027962,0,0.072194,1700643062.0481672,1,1700643054.6399667,1700643052.8269606,True,66011136.0,1700643054.540701,1700643059.5457687,5.00506783,5.0,0.0,67207168.0,1700643059.548397,5.07829309,1700643063.0903473,0
1700643052.7535255,0.042067,10304,753,0.027962,0,0.072194,1700643062.0580213,1,1700643054.9614966,1700643052.8269606,True,66015232.0,1700643054.5763695,1700643059.579066,5.00269651,5.0,0.0,67211264.0,1700643059.581488,5.1035738,1700643063.1117089,0
1700643052.7535255,0.042067,10304,753,0.027962,0,0.072194,1700643062.0548651,1,1700643054.415403,1700643052.8269606,True,66015232.0,1700643054.585873,1700643059.5909214,5.00504875,5.0,0.0,67215360.0,1700643059.5935946,5.1057775,1700643063.1003542,0
1700643052.7535255,0.042067,10304,753,0.027962,0,0.072194,1700643062.3755546,1,1700643054.6145473,1700643052.8269606,True,66015232.0,1700643054.5788925,1700643059.5830612,5.00416875,5.0,0.0,67215360.0,1700643059.5855627,5.09193563,1700643063.102658,0
1700643052.7535255,0.042067,10304,753,0.027962,0,0.072194,1700643062.0571077,1,1700643054.4018266,1700643052.8269606,True,66015232.0,1700643054.5870745,1700643059.5921311,5.00505662,5.0,0.0,67215360.0,1700643059.5945845,5.10057998,1700643063.1082778,0
1700643052.7535255,0.042067,10304,753,0.027962,0,0.072194,1700643062.148409,1,1700643054.464845,1700643052.8269606,True,66015232.0,1700643054.5715563,1700643059.5750608,5.00350451,5.0,0.0,67215360.0,1700643059.5781465,5.08394098,1700643063.1128323,0
1700643052.7535255,0.042067,10304,753,0.027962,0,0.072194,1700643062.144833,1,1700643054.5921054,1700643052.8269606,True,66015232.0,1700643054.6020317,1700643059.607067,5.00503564,5.0,0.0,67215360.0,1700643059.6100907,5.09701014,1700643063.1015086,0
1700643052.7535255,0.042067,10304,753,0.027962,0,0.072194,1700643062.1469924,1,1700643054.7403255,1700643052.8269606,True,66015232.0,1700643054.5876875,1700643059.5927508,5.0050633,5.0,0.0,67215360.0,1700643059.5954015,5.08205104,1700643063.1335323,0
1700643052.7535255,0.042067,10304,753,0.027962,0,0.072194,1700643062.1390314,1,1700643054.851113,1700643052.8269606,True,66019328.0,1700643054.5883472,1700643059.5933998,5.00505257,5.0,0.0,67219456.0,1700643059.596037,5.08244801,1700643063.1236205,0
1700643052.7535255,0.042067,10304,753,0.027962,0,0.072194,1700643062.128408,1,1700643054.88566,1700643052.8269606,True,66060288.0,1700643054.5837967,1700643059.5848508,5.00105405,5.0,0.0,67178496.0,1700643059.5888708,5.08654547,1700643063.1147797,0
1700643052.7535255,0.042067,10304,753,0.027962,0,0.072194,1700643062.1425614,1,1700643054.837327,1700643052.8269606,True,66060288.0,1700643054.5898442,1700643059.5910604,5.00121617,5.0,0.0,67178496.0,1700643059.5937712,5.08899546,1700643063.1361136,0
1700643052.7535255,0.042067,10304,753,0.027962,0,0.072194,1700643062.1904328,1,1700643054.4442194,1700643052.8269606,True,66060288.0,1700643054.589785,1700643059.5948403,5.00505495,5.0,0.0,67182592.0,1700643059.5974276,5.08950043,1700643063.1255977,0
1700643052.7535255,0.042067,10304,753,0.027962,0,0.072194,1700643062.1874194,1,1700643054.5265236,1700643052.8269606,True,66068480.0,1700643054.60787,1700643059.61106,5.00319028,5.0,0.0,67174400.0,1700643059.613555,5.08975315,1700643063.1442184,0
1700643052.7535255,0.042067,10304,753,0.027962,0,0.072194,1700643062.1843722,1,1700643054.5336783,1700643052.8269606,True,66068480.0,1700643054.6053283,1700643059.6103823,5.005054,5.0,0.0,67215360.0,1700643059.6130886,5.07706213,1700643063.1689932,0
1700643052.7535255,0.042067,10304,753,0.027962,0,0.072194,1700643062.1988058,1,1700643054.6740975,1700643052.8269606,True,66068480.0,1700643054.638288,1700643059.6433403,5.00505233,5.0,0.0,67186688.0,1700643059.64614,5.10837555,1700643063.1958995,0
1700643052.7535255,0.042067,10304,753,0.027962,0,0.072194,1700643062.186135,1,1700643055.0114386,1700643052.8269606,True,66068480.0,1700643054.6174176,1700643059.6224658,5.00504827,5.0,0.0,67178496.0,1700643059.625043,5.08023763,1700643063.204058,0
1700643052.7535255,0.042067,10304,753,0.027962,0,0.072194,1700643062.1852782,1,1700643054.7676399,1700643052.8269606,True,66068480.0,1700643054.6091988,1700643059.6142542,5.00505543,5.0,0.0,67186688.0,1700643059.6167226,5.07095194,1700643063.3081355,0
1700643052.7535255,0.042067,10304,753,0.027962,0,0.072194,1700643062.2830014,1,1700643054.6290483,1700643052.8269606,True,66068480.0,1700643054.6260276,1700643059.631065,5.00503707,5.0,0.0,67178496.0,1700643059.633525,5.08235264,1700643063.2379067,0
1700643052.7535255,0.042067,10304,753,0.027962,0,0.072194,1700643062.3305552,1,1700643054.4642823,1700643052.8269606,True,66076672.0,1700643054.6247787,1700643059.6270597,5.00228095,5.0,0.0,67186688.0,1700643059.629537,5.07675838,1700643063.2969215,0
1700643052.7535255,0.042067,10304,753,0.027962,0,0.072194,1700643062.2904484,1,1700643054.468786,1700643052.8269606,True,66068480.0,1700643054.6393006,1700643059.6443553,5.00505471,5.0,0.0,67178496.0,1700643059.6475496,5.09404135,1700643063.247052,0
1700643052.7535255,0.042067,10304,753,0.027962,0,0.072194,1700643062.297194,1,1700643054.549955,1700643052.8269606,True,66068480.0,1700643054.637602,1700643059.6426582,5.00505638,5.0,0.0,67178496.0,1700643059.6452467,5.08165359,1700643063.2673354,0
1700643052.7535255,0.042067,10304,753,0.027962,0,0.072194,1700643062.294233,1,1700643055.0234122,1700643052.8269606,True,66121728.0,1700643054.774464,1700643059.7790654,5.00460148,5.0,0.0,67403776.0,1700643059.782287,5.07707477,1700643063.307739,0
1700643052.7535255,0.042067,10304,753,0.027962,0,0.072194,1700643062.364629,1,1700643055.1434932,1700643052.8269606,True,66121728.0,1700643054.7736022,1700643059.778653,5.00505042,5.0,0.0,67231744.0,1700643059.78144,5.07453036,1700643063.308552,0
1700643052.7535255,0.042067,10304,753,0.027962,0,0.072194,1700643062.316834,1,1700643055.1412096,1700643052.8269606,True,66121728.0,1700643054.7642794,1700643059.7670703,5.00279093,5.0,0.0,67231744.0,1700643059.7707424,5.0623157,1700643063.3093808,0
1700643052.7535255,0.042067,10304,753,0.027962,0,0.072194,1700643062.303695,1,1700643054.9380505,1700643052.8269606,True,66117632.0,1700643054.7627716,1700643059.7670736,5.00430202,5.0,0.0,67280896.0,1700643059.770631,5.06090641,1700643063.310132,0
1700643052.7535255,0.042067,10304,753,0.027962,0,0.072194,1700643062.3594117,1,1700643054.8210998,1700643052.8269606,True,66125824.0,1700643054.7752683,1700643059.7790575,5.00378942,5.0,0.0,67403776.0,1700643059.7822678,5.07127738,1700643063.3109062,0
1700643052.7535255,0.042067,10304,753,0.027962,0,0.072194,1700643062.2994926,1,1700643055.0905526,1700643052.8269606,True,66129920.0,1700643054.7689662,1700643059.7740154,5.00504923,5.0,0.0,67239936.0,1700643059.7770069,5.06465149,1700643063.3138368,0
1700643052.7535255,0.042067,10304,753,0.027962,0,0.072194,1700643062.30947,1,1700643055.1229134,1700643052.8269606,True,66125824.0,1700643054.7676797,1700643059.7723496,5.0046699,5.0,0.0,67473408.0,1700643059.7755003,5.06159234,1700643063.314135,0
1700643052.7535255,0.042067,10304,753,0.027962,0,0.072194,1700643062.3058772,1,1700643054.8810017,1700643052.8269606,True,66129920.0,1700643054.769654,1700643059.771071,5.00141692,5.0,0.0,67293184.0,1700643059.7737968,5.05833626,1700643063.3115132,0
1700643052.7535255,0.042067,10304,753,0.027962,0,0.072194,1700643062.364021,1,1700643054.713586,1700643052.8269606,True,66129920.0,1700643054.7730975,1700643059.7781591,5.00506163,5.0,0.0,67411968.0,1700643059.7809567,5.06411242,1700643063.311731,0
1700643052.7535255,0.042067,10304,753,0.027962,0,0.072194,1700643062.3116217,1,1700643054.939547,1700643052.8269606,True,66129920.0,1700643054.801041,1700643059.803069,5.00202823,5.0,0.0,67239936.0,1700643059.806512,5.08845448,1700643063.313152,0
1700643052.7535255,0.042067,10304,753,0.027962,0,0.072194,1700643062.3182254,1,1700643055.1283329,1700643052.8269606,True,66129920.0,1700643054.82749,1700643059.8310704,5.00358057,5.0,0.0,67411968.0,1700643059.8341255,5.11396885,1700643063.317139,0
1700643052.7535255,0.042067,10304,753,0.027962,0,0.072194,1700643062.3718712,1,1700643055.030501,1700643052.8269606,True,66129920.0,1700643054.7762473,1700643059.779063,5.00281572,5.0,0.0,67174400.0,1700643059.782137,5.06059551,1700643063.31247,0
1700643052.7535255,0.042067,10304,753,0.027962,0,0.072194,1700643062.3422592,1,1700643055.038216,1700643052.8269606,True,66056192.0,1700643054.8478727,1700643059.8510752,5.00320244,5.0,0.0,67166208.0,1700643059.8550992,5.06876779,1700643063.31529,0
1700643052.7535255,0.042067,10304,753,0.027962,0,0.072194,1700643062.392301,1,1700643054.9005988,1700643052.8269606,True,66056192.0,1700643054.8474462,1700643059.8510704,5.0036242,5.0,0.0,67166208.0,1700643059.854868,5.06699824,1700643063.31756,0
1700643052.7535255,0.042067,10304,753,0.027962,0,0.072194,1700643062.3370574,1,1700643055.0903554,1700643052.8269606,True,66056192.0,1700643054.850094,1700643059.851148,5.00105381,5.0,0.0,67166208.0,1700643059.8551228,5.06589961,1700643063.3165665,0
1700643052.7535255,0.042067,10304,753,0.027962,0,0.072194,1700643062.3617065,1,1700643055.266754,1700643052.8269606,True,66064384.0,1700643054.8432806,1700643059.8483388,5.00505829,5.0,0.0,67170304.0,1700643059.850937,5.06060696,1700643063.3184006,0
1700643052.7535255,0.042067,10304,753,0.027962,0,0.072194,1700643062.3326263,1,1700643055.1471732,1700643052.8269606,True,66064384.0,1700643054.8447895,1700643059.8471472,5.00235748,5.0,0.0,67178496.0,1700643059.850217,5.05861187,1700643063.317994,0
1700643052.7535255,0.042067,10304,753,0.027962,0,0.072194,1700643062.326911,1,1700643055.222567,1700643052.8269606,True,66064384.0,1700643054.8494968,1700643059.8510756,5.00157881,5.0,0.0,67174400.0,1700643059.85432,5.06116033,1700643063.3159792,0
1700643052.7535255,0.042067,10304,753,0.027962,0,0.072194,1700643062.3284223,1,1700643054.8677633,1700643052.8269606,True,66064384.0,1700643054.8513544,1700643059.8550684,5.00371408,5.0,0.0,67174400.0,1700643059.8575888,5.06311297,1700643063.3200555,0
1700643052.7535255,0.042067,10304,753,0.027962,0,0.072194,1700643062.3639014,1,1700643054.730376,1700643052.8269606,True,66064384.0,1700643054.8676963,1700643059.8710847,5.0033884,5.0,0.0,67174400.0,1700643059.8736763,5.07788992,1700643063.31985,0
1700643052.7535255,0.042067,10304,753,0.027962,0,0.072194,1700643062.3496923,1,1700643055.2800775,1700643052.8269606,True,66064384.0,1700643054.8540535,1700643059.8590722,5.00501847,5.0,0.0,67174400.0,1700643059.8619597,5.06467223,1700643063.3229911,0
1700643052.7535255,0.042067,10304,753,0.027962,0,0.072194,1700643062.4898949,1,1700643054.904024,1700643052.8269606,True,66064384.0,1700643054.8543744,1700643059.8590677,5.00469327,5.0,0.0,67174400.0,1700643059.861981,5.06325078,1700643063.3232274,0
1700643052.7535255,0.042067,10304,753,0.027962,0,0.072194,1700643062.3348918,1,1700643055.0747614,1700643052.8269606,True,66064384.0,1700643054.865506,1700643059.870559,5.00505304,5.0,0.0,67174400.0,1700643059.873475,5.07339334,1700643063.3191843,0
1700643052.7535255,0.042067,10304,753,0.027962,0,0.072194,1700643062.3644135,1,1700643054.8562574,1700643052.8269606,True,66072576.0,1700643054.862435,1700643059.8670678,5.00463271,5.0,0.0,67182592.0,1700643059.86967,5.06774759,1700643063.3202815,0
1700643052.7535255,0.042067,10304,753,0.027962,0,0.072194,1700643062.3518178,1,1700643054.833931,1700643052.8269606,True,66203648.0,1700643054.8090544,1700643059.8114753,5.0024209,5.0,0.0,67530752.0,1700643059.814528,5.06851125,1700643063.3196027,0
1700643052.7535255,0.042067,10304,753,0.027962,0,0.072194,1700643062.3444724,1,1700643055.0589817,1700643052.8269606,True,66179072.0,1700643054.8052895,1700643059.807857,5.00256729,5.0,0.0,67313664.0,1700643059.8112428,5.06362224,1700643063.3214536,0
1700643052.7535255,0.042067,10304,753,0.027962,0,0.072194,1700643062.3839903,1,1700643055.1061223,1700643052.8269606,True,66203648.0,1700643054.8226454,1700643059.8274684,5.00482297,5.0,0.0,67530752.0,1700643059.83094,5.0823586,1700643063.320595,0
1700643052.7535255,0.042067,10304,753,0.027962,0,0.072194,1700643062.4555786,1,1700643054.7108963,1700643052.8269606,True,66166784.0,1700643054.8057392,1700643059.8074713,5.00173211,5.0,0.0,67387392.0,1700643059.8112302,5.06128287,1700643063.323714,0
1700643052.7535255,0.042067,10304,753,0.027962,0,0.072194,1700643062.6446106,1,1700643054.6879401,1700643052.8269606,True,66207744.0,1700643054.8235004,1700643059.828548,5.00504756,5.0,0.0,67530752.0,1700643059.8315408,5.07958555,1700643063.3636937,0
1700643052.7535255,0.042067,10304,753,0.027962,0,0.072194,1700643062.3882573,1,1700643054.9882598,1700643052.8269606,True,66211840.0,1700643054.8221035,1700643059.8234725,5.00136876,5.0,0.0,67538944.0,1700643059.8258717,5.07287121,1700643063.325007,0
1700643052.7535255,0.042067,10304,753,0.027962,0,0.072194,1700643062.390718,1,1700643055.078079,1700643052.8269606,True,66207744.0,1700643054.8055518,1700643059.8074691,5.00191736,5.0,0.0,67534848.0,1700643059.8111916,5.0569036,1700643063.3266823,0
1700643052.7535255,0.042067,10304,753,0.027962,0,0.072194,1700643062.3476014,1,1700643055.2457669,1700643052.8269606,True,66211840.0,1700643054.8116562,1700643059.8164935,5.00483751,5.0,0.0,67538944.0,1700643059.818845,5.06276083,1700643063.3252609,0
1700643052.7535255,0.042067,10304,753,0.027962,0,0.072194,1700643062.641576,1,1700643054.8999789,1700643052.8269606,True,66211840.0,1700643054.8122537,1700643059.8154647,5.00321126,5.0,0.0,67538944.0,1700643059.8178334,5.06004548,1700643063.3665185,0
1700643052.7535255,0.042067,10304,753,0.027962,0,0.072194,1700643062.3669326,1,1700643055.216216,1700643052.8269606,True,66211840.0,1700643054.8228507,1700643059.8274643,5.00461364,5.0,0.0,67538944.0,1700643059.8308249,5.07204652,1700643063.3254411,0
1700643052.7535255,0.042067,10304,753,0.027962,0,0.072194,1700643062.4296632,1,1700643055.002924,1700643052.8269606,True,66211840.0,1700643054.8233118,1700643059.8274698,5.00415802,5.0,0.0,67538944.0,1700643059.831463,5.07012582,1700643063.327662,0
1700643052.7535255,0.042067,10304,753,0.027962,0,0.072194,1700643062.368302,1,1700643055.0530398,1700643052.8269606,True,66215936.0,1700643054.822627,1700643059.8276842,5.0050571,5.0,0.0,67477504.0,1700643059.8313322,5.06912518,1700643063.329816,0
1700643052.7535255,0.042067,10304,753,0.027962,0,0.072194,1700643062.492737,1,1700643054.4300652,1700643052.8269606,True,66289664.0,1700643054.4032924,1700643059.408448,5.00515556,5.0,0.0,67248128.0,1700643059.4121678,5.08564281,1700643063.3283036,0
1700643052.7535255,0.042067,10304,753,0.027962,0,0.072194,1700643062.3779793,1,1700643054.6286252,1700643052.8269606,True,66289664.0,1700643054.4077487,1700643059.408448,5.00069928,5.0,0.0,67248128.0,1700643059.412163,5.08346391,1700643063.329595,0
1700643052.7535255,0.042067,10304,753,0.027962,0,0.072194,1700643062.4273288,1,1700643054.37869,1700643052.8269606,True,66289664.0,1700643054.4205186,1700643059.4234636,5.00294495,5.0,0.0,67248128.0,1700643059.4258497,5.09564877,1700643063.3300846,0
1700643052.7535255,0.042067,10304,753,0.027962,0,0.072194,1700643062.6514902,1,1700643054.5674314,1700643052.8269606,True,66297856.0,1700643054.4281704,1700643059.4314637,5.00329304,5.0,0.0,67252224.0,1700643059.434782,5.10379744,1700643063.3655057,0
1700643052.7535255,0.042067,10304,753,0.027962,0,0.072194,1700643062.729573,1,1700643054.6906896,1700643052.8269606,True,66297856.0,1700643054.4167428,1700643059.419464,5.00272131,5.0,0.0,67268608.0,1700643059.4218683,5.08893061,1700643063.3673968,0
1700643052.7535255,0.042067,10304,753,0.027962,0,0.072194,1700643062.3937235,1,1700643054.6517134,1700643052.8269606,True,66297856.0,1700643054.4301462,1700643059.431463,5.00131679,5.0,0.0,67256320.0,1700643059.4347446,5.1002667,1700643063.3333502,0
1700643052.7535255,0.042067,10304,753,0.027962,0,0.072194,1700643062.3825972,1,1700643054.357183,1700643052.8269606,True,66297856.0,1700643054.4337275,1700643059.4354668,5.00173903,5.0,0.0,67256320.0,1700643059.4380388,5.10187292,1700643063.3305385,0
1700643052.7535255,0.042067,10304,753,0.027962,0,0.072194,1700643062.3794577,1,1700643054.591615,1700643052.8269606,True,66297856.0,1700643054.4309375,1700643059.4354692,5.00453162,5.0,0.0,67256320.0,1700643059.438239,5.10114551,1700643063.3318703,0
1700643052.7535255,0.042067,10304,753,0.027962,0,0.072194,1700643062.396935,1,1700643054.641767,1700643052.8269606,True,66297856.0,1700643054.424419,1700643059.4274645,5.00304556,5.0,0.0,67272704.0,1700643059.4297676,5.09082127,1700643063.334551,0
1700643052.7535255,0.042067,10304,753,0.027962,0,0.072194,1700643062.3988912,1,1700643054.4433422,1700643052.8269606,True,66297856.0,1700643054.444839,1700643059.4498885,5.00504947,5.0,0.0,67256320.0,1700643059.4524603,5.11175394,1700643063.3353229,0
1700643052.7535255,0.042067,10304,753,0.027962,0,0.072194,1700643062.5471509,1,1700643054.2564294,1700643052.8269606,True,66297856.0,1700643054.4265082,1700643059.4314678,5.00495958,5.0,0.0,67256320.0,1700643059.4345462,5.09226871,1700643063.3704958,0
1700643052.7535255,0.042067,10304,753,0.027962,0,0.072194,1700643062.434667,1,1700643054.46628,1700643052.8269606,True,66306048.0,1700643054.410014,1700643059.4151297,5.00511575,5.0,0.0,67264512.0,1700643059.4176545,5.07315302,1700643063.3382895,0
1700643052.7535255,0.042067,10304,753,0.027962,0,0.072194,1700643062.401184,1,1700643055.27808,1700643052.8269606,True,66117632.0,1700643054.844005,1700643059.8490615,5.00505662,5.0,0.0,67158016.0,1700643059.8516471,5.06353259,1700643063.3385031,0
1700643052.7535255,0.042067,10304,753,0.027962,0,0.072194,1700643062.4418552,1,1700643054.7835693,1700643052.8269606,True,66117632.0,1700643054.8464348,1700643059.8514762,5.00504136,5.0,0.0,67158016.0,1700643059.8543112,5.06479692,1700643063.3426766,0
1700643052.7535255,0.042067,10304,753,0.027962,0,0.072194,1700643062.483128,1,1700643055.2381308,1700643052.8269606,True,66117632.0,1700643054.848439,1700643059.853488,5.00504899,5.0,0.0,67158016.0,1700643059.8559196,5.06524229,1700643063.3406334,0
1700643052.7535255,0.042067,10304,753,0.027962,0,0.072194,1700643062.4452572,1,1700643054.8407817,1700643052.8269606,True,66125824.0,1700643054.8463042,1700643059.847559,5.0012548,5.0,0.0,67162112.0,1700643059.8506625,5.05868936,1700643063.341416,0
1700643052.7535255,0.042067,10304,753,0.027962,0,0.072194,1700643062.4317915,1,1700643054.953386,1700643052.8269606,True,66121728.0,1700643054.8519175,1700643059.8554697,5.00355172,5.0,0.0,67158016.0,1700643059.8587866,5.06525564,1700643063.344019,0
1700643052.7535255,0.042067,10304,753,0.027962,0,0.072194,1700643062.4944117,1,1700643055.233224,1700643052.8269606,True,66121728.0,1700643054.850438,1700643059.8554738,5.00503588,5.0,0.0,67162112.0,1700643059.8592615,5.06477737,1700643063.3458874,0
1700643052.7535255,0.042067,10304,753,0.027962,0,0.072194,1700643062.4995873,1,1700643054.9498622,1700643052.8269606,True,66121728.0,1700643054.8518498,1700643059.856899,5.00504923,5.0,0.0,67162112.0,1700643059.8608463,5.06451941,1700643063.34629,0
1700643052.7535255,0.042067,10304,753,0.027962,0,0.072194,1700643062.4366791,1,1700643055.2604067,1700643052.8269606,True,66125824.0,1700643054.8481977,1700643059.851472,5.0032742,5.0,0.0,67166208.0,1700643059.854114,5.05664444,1700643063.3465774,0
1700643052.7535255,0.042067,10304,753,0.027962,0,0.072194,1700643062.450628,1,1700643054.846875,1700643052.8269606,True,66125824.0,1700643054.852522,1700643059.8554692,5.00294733,5.0,0.0,67166208.0,1700643059.8593156,5.05976176,1700643063.3467398,0
1700643052.7535255,0.042067,10304,753,0.027962,0,0.072194,1700643062.4436326,1,1700643055.04321,1700643052.8269606,True,66125824.0,1700643054.8538697,1700643059.8554702,5.0016005,5.0,0.0,67166208.0,1700643059.858627,5.057657,1700643063.3472054,0
1700643052.7535255,0.042067,10304,753,0.027962,0,0.072194,1700643062.4654012,1,1700643055.2410438,1700643052.8269606,True,66125824.0,1700643054.8597453,1700643059.863468,5.00372267,5.0,0.0,67166208.0,1700643059.8662925,5.06437063,1700643063.3473506,0
1700643052.7535255,0.042067,10304,753,0.027962,0,0.072194,1700643062.4239726,1,1700643055.0376525,1700643052.8269606,True,66129920.0,1700643054.8601744,1700643059.8634665,5.00329185,5.0,0.0,67170304.0,1700643059.866208,5.06324458,1700643063.3475974,0
1700643052.7535255,0.042067,10304,753,0.027962,0,0.072194,1700643062.4476805,1,1700643054.9270227,1700643052.8269606,True,66158592.0,1700643054.7523234,1700643059.7573864,5.00506306,5.0,0.0,67219456.0,1700643059.760069,5.06250906,1700643063.3481336,0
1700643052.7535255,0.042067,10304,753,0.027962,0,0.072194,1700643062.4444597,1,1700643054.6019287,1700643052.8269606,True,66158592.0,1700643054.7510169,1700643059.755469,5.00445223,5.0,0.0,67186688.0,1700643059.7586334,5.05943489,1700643063.347869,0
1700643052.7535255,0.042067,10304,753,0.027962,0,0.072194,1700643062.4428165,1,1700643054.832257,1700643052.8269606,True,66162688.0,1700643054.762144,1700643059.7672043,5.00506043,5.0,0.0,67260416.0,1700643059.7698689,5.06900954,1700643063.3482673,0
1700643052.7535255,0.042067,10304,753,0.027962,0,0.072194,1700643062.4780748,1,1700643054.7130103,1700643052.8269606,True,66162688.0,1700643054.7577045,1700643059.7594626,5.0017581,5.0,0.0,67379200.0,1700643059.762263,5.05982947,1700643063.3486068,0
1700643052.7535255,0.042067,10304,753,0.027962,0,0.072194,1700643062.463955,1,1700643054.9810934,1700643052.8269606,True,66166784.0,1700643054.7581935,1700643059.759469,5.0012753,5.0,0.0,67416064.0,1700643059.7624002,5.05798554,1700643063.3490229,0
1700643052.7535255,0.042067,10304,753,0.027962,0,0.072194,1700643062.4401538,1,1700643054.880473,1700643052.8269606,True,66166784.0,1700643054.7628624,1700643059.7674618,5.00459933,5.0,0.0,67317760.0,1700643059.7700627,5.06378031,1700643063.3491805,0
1700643052.7535255,0.042067,10304,753,0.027962,0,0.072194,1700643062.4763954,1,1700643054.846105,1700643052.8269606,True,66166784.0,1700643054.7788663,1700643059.7834682,5.00460172,5.0,0.0,67264512.0,1700643059.7858498,5.07822204,1700643063.3495471,0
1700643052.7535255,0.042067,10304,753,0.027962,0,0.072194,1700643062.459895,1,1700643054.9740381,1700643052.8269606,True,66166784.0,1700643054.7617035,1700643059.7667656,5.00506186,5.0,0.0,67194880.0,1700643059.7691617,5.05991387,1700643063.3494103,0
1700643052.7535255,0.042067,10304,753,0.027962,0,0.072194,1700643062.4577758,1,1700643054.6614482,1700643052.8269606,True,66166784.0,1700643054.7742865,1700643059.77934,5.00505376,5.0,0.0,67317760.0,1700643059.781848,5.07054305,1700643063.349807,0
1700643052.7535255,0.042067,10304,753,0.027962,0,0.072194,1700643062.452724,1,1700643055.0512302,1700643052.8269606,True,66166784.0,1700643054.7599752,1700643059.7634654,5.00349021,5.0,0.0,67223552.0,1700643059.7659836,5.05316305,1700643063.3499398,0
1700643052.7535255,0.042067,10304,753,0.027962,0,0.072194,1700643062.4961004,1,1700643055.018584,1700643052.8269606,True,66174976.0,1700643054.770387,1700643059.7754486,5.00506163,5.0,0.0,67268608.0,1700643059.7778928,5.06356549,1700643063.3505216,0
1700643052.7535255,0.042067,10304,753,0.027962,0,0.072194,1700643062.4970748,1,1700643055.0849774,1700643052.8269606,True,66174976.0,1700643054.7737665,1700643059.7788138,5.00504732,5.0,0.0,67268608.0,1700643059.781196,5.06460929,1700643063.3502228,0
1700643052.7535255,0.042067,10304,753,0.027962,0,0.072194,1700643062.4690905,1,1700643054.5260108,1700643052.8269606,True,66121728.0,1700643054.5330634,1700643059.5375822,5.00451875,5.0,0.0,67162112.0,1700643059.5410788,5.0575161,1700643063.3506951,0
1700643052.7535255,0.042067,10304,753,0.027962,0,0.072194,1700643062.4719143,1,1700643054.8230515,1700643052.8269606,True,66121728.0,1700643054.5544472,1700643059.558174,5.00372672,5.0,0.0,67162112.0,1700643059.5613608,5.07539654,1700643063.3508348,0
1700643052.7535255,0.042067,10304,753,0.027962,0,0.072194,1700643062.4741611,1,1700643054.5969067,1700643052.8269606,True,66121728.0,1700643054.561848,1700643059.5655806,5.00373268,5.0,0.0,67166208.0,1700643059.5686967,5.0810914,1700643063.350986,0
1700643052.7535255,0.042067,10304,753,0.027962,0,0.072194,1700643062.507846,1,1700643054.6477323,1700643052.8269606,True,66121728.0,1700643054.545828,1700643059.5495737,5.00374579,5.0,0.0,67162112.0,1700643059.5531468,5.06325364,1700643063.368,0
1700643052.7535255,0.042067,10304,753,0.027962,0,0.072194,1700643062.4952905,1,1700643054.982589,1700643052.8269606,True,66129920.0,1700643054.5456846,1700643059.549578,5.00389338,5.0,0.0,67198976.0,1700643059.553063,5.06174994,1700643063.3513844,0
1700643052.7535255,0.042067,10304,753,0.027962,0,0.072194,1700643062.5031924,1,1700643054.5381732,1700643052.8269606,True,66125824.0,1700643054.5542226,1700643059.5575764,5.00335383,5.0,0.0,67166208.0,1700643059.561283,5.06926084,1700643063.3757007,0
1700643052.7535255,0.042067,10304,753,0.027962,0,0.072194,1700643062.4935472,1,1700643054.6465993,1700643052.8269606,True,66129920.0,1700643054.553733,1700643059.5575762,5.00384283,5.0,0.0,67170304.0,1700643059.5610518,5.06728077,1700643063.3515186,0
1700643052.7535255,0.042067,10304,753,0.027962,0,0.072194,1700643062.4809265,1,1700643054.907246,1700643052.8269606,True,66129920.0,1700643054.5606716,1700643059.5657203,5.00504875,5.0,0.0,67170304.0,1700643059.569066,5.07371378,1700643063.3516498,0
1700643052.7535255,0.042067,10304,753,0.027962,0,0.072194,1700643062.521304,1,1700643054.8685775,1700643052.8269606,True,66129920.0,1700643054.5475245,1700643059.5525784,5.005054,5.0,0.0,67170304.0,1700643059.5555005,5.05845642,1700643063.370145,0
1700643052.7535255,0.042067,10304,753,0.027962,0,0.072194,1700643062.4852445,1,1700643054.765754,1700643052.8269606,True,66129920.0,1700643054.558559,1700643059.5615766,5.00301766,5.0,0.0,67170304.0,1700643059.5648627,5.06352472,1700643063.3517745,0
1700643052.7535255,0.042067,10304,753,0.027962,0,0.072194,1700643062.4874237,1,1700643054.4455595,1700643052.8269606,True,66129920.0,1700643054.557473,1700643059.5616446,5.00417161,5.0,0.0,67170304.0,1700643059.5648627,5.06262898,1700643063.3518994,0
1700643052.7535255,0.042067,10304,753,0.027962,0,0.072194,1700643062.500411,1,1700643054.8241222,1700643052.8269606,True,66134016.0,1700643054.561419,1700643059.5655842,5.00416517,5.0,0.0,67174400.0,1700643059.5688877,5.06558943,1700643063.352219,0
1700643052.7535255,0.042067,10304,753,0.027962,0,0.072194,1700643062.4882195,1,1700643054.8940313,1700643052.8269606,True,65937408.0,1700643054.4741924,1700643059.4761343,5.00194192,5.0,0.0,67108864.0,1700643059.4797332,5.06376624,1700643063.3523817,0
1700643052.7535255,0.042067,10304,753,0.027962,0,0.072194,1700643062.4909947,1,1700643054.3247788,1700643052.8269606,True,65937408.0,1700643054.4883745,1700643059.4934344,5.00505996,5.0,0.0,67104768.0,1700643059.4966202,5.07885742,1700643063.3525217,0
1700643052.7535255,0.042067,10304,753,0.027962,0,0.072194,1700643062.4890006,1,1700643054.7065723,1700643052.8269606,True,65937408.0,1700643054.496123,1700643059.5011878,5.00506473,5.0,0.0,67141632.0,1700643059.5038664,5.08485222,1700643063.3528297,0
1700643052.7535255,0.042067,10304,753,0.027962,0,0.072194,1700643062.491927,1,1700643054.6214952,1700643052.8269606,True,65941504.0,1700643054.483207,1700643059.4882617,5.00505471,5.0,0.0,67108864.0,1700643059.4913895,5.07068181,1700643063.3529692,0
1700643052.7535255,0.042067,10304,753,0.027962,0,0.072194,1700643062.498712,1,1700643054.8168707,1700643052.8269606,True,65945600.0,1700643054.4890058,1700643059.494059,5.00505328,5.0,0.0,67145728.0,1700643059.4969718,5.07503462,1700643063.3532712,0
1700643052.7535255,0.042067,10304,753,0.027962,0,0.072194,1700643062.4979253,1,1700643054.9151053,1700643052.8269606,True,65941504.0,1700643054.4945374,1700643059.4962535,5.00171638,5.0,0.0,67117056.0,1700643059.4992056,5.07578278,1700643063.3534229,0
1700643052.7535255,0.042067,10304,753,0.027962,0,0.072194,1700643062.5145152,1,1700643054.3497064,1700643052.8269606,True,65945600.0,1700643054.4905646,1700643059.4956238,5.00505924,5.0,0.0,67149824.0,1700643059.498626,5.07370853,1700643063.3770297,0
1700643052.7535255,0.042067,10304,753,0.027962,0,0.072194,1700643062.5039942,1,1700643054.9122343,1700643052.8269606,True,65945600.0,1700643054.4969113,1700643059.5019624,5.00505114,5.0,0.0,67121152.0,1700643059.505077,5.07853103,1700643063.3740072,0
1700643052.7535255,0.042067,10304,753,0.027962,0,0.072194,1700643062.503064,1,1700643054.5494416,1700643052.8269606,True,65945600.0,1700643054.5009234,1700643059.5017152,5.00079179,5.0,0.0,67145728.0,1700643059.5050476,5.07637119,1700643063.3774023,0
1700643052.7535255,0.042067,10304,753,0.027962,0,0.072194,1700643062.5233777,1,1700643054.832258,1700643052.8269606,True,65945600.0,1700643054.5033538,1700643059.5037537,5.00039983,5.0,0.0,67117056.0,1700643059.5067313,5.07675409,1700643063.379459,0
1700643052.7535255,0.042067,10304,753,0.027962,0,0.072194,1700643062.537765,1,1700643054.7455585,1700643052.8269606,True,65945600.0,1700643054.5063896,1700643059.5076575,5.00126791,5.0,0.0,67149824.0,1700643059.510695,5.07906127,1700643063.3832636,0
1700643052.7535255,0.042067,10304,753,0.027962,0,0.072194,1700643062.5356712,1,1700643054.8926651,1700643052.8269606,True,65949696.0,1700643054.511279,1700643059.513574,5.00229502,5.0,0.0,67117056.0,1700643059.5163713,5.08326817,1700643063.3750584,0
1700643052.7535255,0.042067,10304,753,0.027962,0,0.072194,1700643062.5283442,1,1700643054.780776,1700643052.8269606,True,66203648.0,1700643054.498555,1700643059.503611,5.00505638,5.0,0.0,67215360.0,1700643059.5066118,5.07137179,1700643063.380443,0
1700643052.7535255,0.042067,10304,753,0.027962,0,0.072194,1700643062.543087,1,1700643054.4963467,1700643052.8269606,True,66203648.0,1700643054.503889,1700643059.5055814,5.0016923,5.0,0.0,67215360.0,1700643059.5087247,5.07110119,1700643063.3851137,0
1700643052.7535255,0.042067,10304,753,0.027962,0,0.072194,1700643062.552431,1,1700643054.7261686,1700643052.8269606,True,66203648.0,1700643054.5258746,1700643059.5295756,5.00370097,5.0,0.0,67248128.0,1700643059.532299,5.09311461,1700643063.382691,0
1700643052.7535255,0.042067,10304,753,0.027962,0,0.072194,1700643062.641698,1,1700643054.8942418,1700643052.8269606,True,66207744.0,1700643054.5236647,1700643059.5255735,5.00190902,5.0,0.0,67215360.0,1700643059.5287633,5.08624053,1700643063.384061,0
1700643052.7535255,0.042067,10304,753,0.027962,0,0.072194,1700643062.58346,1,1700643054.5933807,1700643052.8269606,True,66207744.0,1700643054.5158744,1700643059.5175765,5.00170207,5.0,0.0,67219456.0,1700643059.5204604,5.07621074,1700643063.3881698,0
1700643052.7535255,0.042067,10304,753,0.027962,0,0.072194,1700643062.5502777,1,1700643054.6597226,1700643052.8269606,True,66211840.0,1700643054.5060632,1700643059.5102053,5.00414205,5.0,0.0,67223552.0,1700643059.513131,5.0677681,1700643063.39495,0
1700643052.7535255,0.042067,10304,753,0.027962,0,0.072194,1700643062.5560842,1,1700643054.3905182,1700643052.8269606,True,66211840.0,1700643054.5010865,1700643059.5055745,5.00448799,5.0,0.0,67248128.0,1700643059.5088773,5.06305885,1700643063.3897104,0
1700643052.7535255,0.042067,10304,753,0.027962,0,0.072194,1700643062.5798974,1,1700643054.6693418,1700643052.8269606,True,66211840.0,1700643054.5244255,1700643059.5255775,5.0011518,5.0,0.0,67223552.0,1700643059.5289702,5.0819509,1700643063.3867884,0
1700643052.7535255,0.042067,10304,753,0.027962,0,0.072194,1700643062.585644,1,1700643054.7054825,1700643052.8269606,True,66211840.0,1700643054.499492,1700643059.501745,5.00225306,5.0,0.0,67223552.0,1700643059.5055797,5.05795145,1700643063.388743,0
1700643052.7535255,0.042067,10304,753,0.027962,0,0.072194,1700643062.6084228,1,1700643054.8968782,1700643052.8269606,True,66211840.0,1700643054.4997623,1700643059.501582,5.00181961,5.0,0.0,67223552.0,1700643059.5055888,5.05539632,1700643063.3961172,0
1700643052.7535255,0.042067,10304,753,0.027962,0,0.072194,1700643062.5601482,1,1700643054.7853694,1700643052.8269606,True,66211840.0,1700643054.5197148,1700643059.5215795,5.00186491,5.0,0.0,67223552.0,1700643059.5243838,5.07343292,1700643063.3923404,0
1700643052.7535255,0.042067,10304,753,0.027962,0,0.072194,1700643062.5777326,1,1700643054.8627903,1700643052.8269606,True,66215936.0,1700643054.5108898,1700643059.5135846,5.00269485,5.0,0.0,67227648.0,1700643059.516534,5.06341195,1700643063.395706,0
1700643052.7535255,0.042067,10304,753,0.027962,0,0.072194,1700643062.587849,1,1700643054.5986,1700643052.8269606,True,66207744.0,1700643054.5665493,1700643059.5695798,5.00303054,5.0,0.0,67219456.0,1700643059.5730686,5.05648184,1700643063.3933632,0
1700643052.7535255,0.042067,10304,753,0.027962,0,0.072194,1700643062.5958574,1,1700643054.757831,1700643052.8269606,True,66207744.0,1700643054.5890894,1700643059.593749,5.00465965,5.0,0.0,67219456.0,1700643059.5963902,5.07768846,1700643063.3951209,0
1700643052.7535255,0.042067,10304,753,0.027962,0,0.072194,1700643062.5622282,1,1700643054.8852918,1700643052.8269606,True,66207744.0,1700643054.5864975,1700643059.591561,5.00506353,5.0,0.0,67219456.0,1700643059.5947978,5.07454348,1700643063.400012,0
1700643052.7535255,0.042067,10304,753,0.027962,0,0.072194,1700643062.5719714,1,1700643054.5690444,1700643052.8269606,True,66207744.0,1700643054.5790071,1700643059.5815828,5.00257564,5.0,0.0,67215360.0,1700643059.5846334,5.06293893,1700643063.399226,0
1700643052.7535255,0.042067,10304,753,0.027962,0,0.072194,1700643062.5819457,1,1700643054.8451378,1700643052.8269606,True,66215936.0,1700643054.573074,1700643059.577582,5.00450778,5.0,0.0,67223552.0,1700643059.5809472,5.05779195,1700643063.4061506,0
1700643052.7535255,0.042067,10304,753,0.027962,0,0.072194,1700643062.569935,1,1700643054.759905,1700643052.8269606,True,66211840.0,1700643054.5741448,1700643059.5775795,5.00343466,5.0,0.0,67223552.0,1700643059.581043,5.05600858,1700643063.4048553,0
1700643052.7535255,0.042067,10304,753,0.027962,0,0.072194,1700643062.564596,1,1700643054.694116,1700643052.8269606,True,66215936.0,1700643054.5756843,1700643059.5775826,5.00189805,5.0,0.0,67227648.0,1700643059.5812044,5.0534749,1700643063.4142752,0
1700643052.7535255,0.042067,10304,753,0.027962,0,0.072194,1700643062.6030874,1,1700643054.8716185,1700643052.8269606,True,66215936.0,1700643054.57935,1700643059.581575,5.00222492,5.0,0.0,67227648.0,1700643059.5846062,5.05423117,1700643063.414873,0
1700643052.7535255,0.042067,10304,753,0.027962,0,0.072194,1700643062.5937092,1,1700643054.757878,1700643052.8269606,True,66215936.0,1700643054.6012938,1700643059.605571,5.00427723,5.0,0.0,67227648.0,1700643059.608806,5.07740808,1700643063.4104726,0
1700643052.7535255,0.042067,10304,753,0.027962,0,0.072194,1700643062.575649,1,1700643054.917808,1700643052.8269606,True,66215936.0,1700643054.601745,1700643059.6068196,5.00507474,5.0,0.0,67227648.0,1700643059.6096113,5.07727504,1700643063.4161544,0
1700643052.7535255,0.042067,10304,753,0.027962,0,0.072194,1700643062.598138,1,1700643054.9758646,1700643052.8269606,True,66215936.0,1700643054.5840335,1700643059.5855808,5.00154734,5.0,0.0,67227648.0,1700643059.58834,5.05313492,1700643063.4180324,0
1700643052.7535255,0.042067,10304,753,0.027962,0,0.072194,1700643062.6052833,1,1700643054.8559806,1700643052.8269606,True,66215936.0,1700643054.5948143,1700643059.5998738,5.00505924,5.0,0.0,67227648.0,1700643059.602794,5.06697202,1700643063.4154022,0
1700643052.7535255,0.042067,10304,753,0.027962,0,0.072194,1700643062.589991,1,1700643055.041188,1700643052.8269606,True,66002944.0,1700643054.608389,1700643059.6109178,5.00252914,5.0,0.0,67203072.0,1700643059.6149194,5.06800032,1700643063.4115107,0
1700643052.7535255,0.042067,10304,753,0.027962,0,0.072194,1700643062.6111226,1,1700643054.9646962,1700643052.8269606,True,66002944.0,1700643054.6059122,1700643059.610922,5.00500989,5.0,0.0,67203072.0,1700643059.614922,5.06597638,1700643063.417436,0
1700643052.7535255,0.042067,10304,753,0.027962,0,0.072194,1700643062.6425705,1,1700643054.858769,1700643052.8269606,True,66002944.0,1700643054.6173348,1700643059.6189177,5.00158262,5.0,0.0,67203072.0,1700643059.6218174,5.05963707,1700643063.4273102,0
1700643052.7535255,0.042067,10304,753,0.027962,0,0.072194,1700643062.6011138,1,1700643055.0174105,1700643052.8269606,True,66011136.0,1700643054.633055,1700643059.6342874,5.00123239,5.0,0.0,67207168.0,1700643059.637482,5.0644846,1700643063.4207373,0
1700643052.7535255,0.042067,10304,753,0.027962,0,0.072194,1700643062.6180348,1,1700643054.6408312,1700643052.8269606,True,66002944.0,1700643054.6292336,1700643059.6342895,5.00505614,5.0,0.0,67203072.0,1700643059.6374862,5.06411099,1700643063.4275749,0
1700643052.7535255,0.042067,10304,753,0.027962,0,0.072194,1700643062.6306071,1,1700643054.7827547,1700643052.8269606,True,66007040.0,1700643054.6366928,1700643059.638916,5.00222325,5.0,0.0,67207168.0,1700643059.641652,5.06794119,1700643063.429733,0
1700643052.7535255,0.042067,10304,753,0.027962,0,0.072194,1700643062.635539,1,1700643054.8217554,1700643052.8269606,True,66011136.0,1700643054.6261697,1700643059.629011,5.00284123,5.0,0.0,67211264.0,1700643059.6318724,5.05806255,1700643063.428861,0
1700643052.7535255,0.042067,10304,753,0.027962,0,0.072194,1700643062.6260388,1,1700643054.4962735,1700643052.8269606,True,66011136.0,1700643054.6285486,1700643059.6336012,5.00505257,5.0,0.0,67211264.0,1700643059.6363883,5.0622499,1700643063.4279113,0
1700643052.7535255,0.042067,10304,753,0.027962,0,0.072194,1700643062.6566212,1,1700643054.9416046,1700643052.8269606,True,66011136.0,1700643054.6388483,1700643059.643899,5.00505042,5.0,0.0,67211264.0,1700643059.6473196,5.0730238,1700643063.4303806,0
1700643052.7535255,0.042067,10304,753,0.027962,0,0.072194,1700643062.6243756,1,1700643054.9574456,1700643052.8269606,True,66011136.0,1700643054.6464956,1700643059.6509185,5.0044229,5.0,0.0,67194880.0,1700643059.6538415,5.07890129,1700643063.4324455,0
1700643052.7535255,0.042067,10304,753,0.027962,0,0.072194,1700643062.6587057,1,1700643054.5639703,1700643052.8269606,True,66011136.0,1700643054.635013,1700643059.6400683,5.00505543,5.0,0.0,67211264.0,1700643059.6429234,5.0676887,1700643063.4313388,0
1700643052.7535255,0.042067,10304,753,0.027962,0,0.072194,1700643062.641314,1,1700643054.8968449,1700643052.8269606,True,66011136.0,1700643054.6495998,1700643059.6546528,5.00505304,5.0,0.0,67211264.0,1700643059.65771,5.08220339,1700643063.4319675,0
1700643052.7535255,0.042067,10304,753,0.027962,0,0.072194,1700643062.6135163,1,1700643054.20086,1700643052.8269606,True,66195456.0,1700643054.2547626,1700643059.2598145,5.00505161,5.0,0.0,67227648.0,1700643059.2629166,5.08288217,1700643063.4315586,0
1700643052.7535255,0.042067,10304,753,0.027962,0,0.072194,1700643062.6498232,1,1700643054.5812063,1700643052.8269606,True,66195456.0,1700643054.267066,1700643059.2709124,5.00384641,5.0,0.0,67227648.0,1700643059.274106,5.09252977,1700643063.430823,0
1700643052.7535255,0.042067,10304,753,0.027962,0,0.072194,1700643062.640286,1,1700643054.4581828,1700643052.8269606,True,66195456.0,1700643054.2728937,1700643059.2749114,5.00201774,5.0,0.0,67227648.0,1700643059.279407,5.09618378,1700643063.432276,0
1700643052.7535255,0.042067,10304,753,0.027962,0,0.072194,1700643062.6156795,1,1700643054.2186384,1700643052.8269606,True,66191360.0,1700643054.251331,1700643059.2564032,5.00507212,5.0,0.0,67223552.0,1700643059.2600653,5.07537198,1700643063.4318008,0
1700643052.7535255,0.042067,10304,753,0.027962,0,0.072194,1700643062.6411843,1,1700643054.449509,1700643052.8269606,True,66203648.0,1700643054.2646585,1700643059.2669148,5.00225639,5.0,0.0,67231744.0,1700643059.2697744,5.08351755,1700643063.4342349,0
1700643052.7535255,0.042067,10304,753,0.027962,0,0.072194,1700643062.6435351,1,1700643054.096928,1700643052.8269606,True,66199552.0,1700643054.2580116,1700643059.2629206,5.00490904,5.0,0.0,67231744.0,1700643059.2659764,5.0779624,1700643063.432613,0
1700643052.7535255,0.042067,10304,753,0.027962,0,0.072194,1700643062.621062,1,1700643054.396403,1700643052.8269606,True,66203648.0,1700643054.2704506,1700643059.2749112,5.00446057,5.0,0.0,67235840.0,1700643059.2793837,5.08962154,1700643063.4327588,0
1700643052.7535255,0.042067,10304,753,0.027962,0,0.072194,1700643062.656345,1,1700643054.3390865,1700643052.8269606,True,66203648.0,1700643054.2718904,1700643059.27492,5.00302958,5.0,0.0,67235840.0,1700643059.2790442,5.08755088,1700643063.433329,0
1700643052.7535255,0.042067,10304,753,0.027962,0,0.072194,1700643062.6327596,1,1700643054.1651018,1700643052.8269606,True,66203648.0,1700643054.259905,1700643059.2649598,5.00505471,5.0,0.0,67235840.0,1700643059.2679734,5.07490182,1700643063.4339962,0
1700643052.7535255,0.042067,10304,753,0.027962,0,0.072194,1700643062.6554835,1,1700643054.3948078,1700643052.8269606,True,66203648.0,1700643054.270145,1700643059.2749236,5.00477862,5.0,0.0,67235840.0,1700643059.278746,5.08391285,1700643063.4330275,0
1700643052.7535255,0.042067,10304,753,0.027962,0,0.072194,1700643062.6283827,1,1700643054.5326264,1700643052.8269606,True,66203648.0,1700643054.2668593,1700643059.2709124,5.00405312,5.0,0.0,67235840.0,1700643059.2741373,5.0774343,1700643063.434598,0
1700643052.7535255,0.042067,10304,753,0.027962,0,0.072194,1700643062.6393642,1,1700643054.449295,1700643052.8269606,True,66203648.0,1700643054.2727473,1700643059.2749114,5.00216413,5.0,0.0,67235840.0,1700643059.2784023,5.0797646,1700643063.456836,0
1700643052.7535255,0.042067,10304,753,0.027962,0,0.072194,1700643062.646364,1,1700643054.6096494,1700643052.8269606,True,66002944.0,1700643054.6567984,1700643059.6618514,5.00505304,5.0,0.0,67514368.0,1700643059.66483,5.08256364,1700643063.4349103,0
1700643052.7535255,0.042067,10304,753,0.027962,0,0.072194,1700643062.6455045,1,1700643054.573906,1700643052.8269606,True,66002944.0,1700643054.6553628,1700643059.6589143,5.00355148,5.0,0.0,67448832.0,1700643059.6619682,5.07686734,1700643063.4337635,0
1700643052.7535255,0.042067,10304,753,0.027962,0,0.072194,1700643062.6376364,1,1700643054.5004957,1700643052.8269606,True,66002944.0,1700643054.670601,1700643059.6749222,5.00432158,5.0,0.0,67645440.0,1700643059.6778324,5.09161282,1700643063.435336,0
1700643052.7535255,0.042067,10304,753,0.027962,0,0.072194,1700643062.6553752,1,1700643055.0771456,1700643052.8269606,True,65933312.0,1700643054.6462903,1700643059.6513462,5.00505567,5.0,0.0,67137536.0,1700643059.6553946,5.06759143,1700643063.437384,0
1700643052.7535255,0.042067,10304,753,0.027962,0,0.072194,1700643062.6532946,1,1700643054.747152,1700643052.8269606,True,65970176.0,1700643054.6462166,1700643059.651091,5.00487447,5.0,0.0,67411968.0,1700643059.6553502,5.06668162,1700643063.435109,0
1700643052.7535255,0.042067,10304,753,0.027962,0,0.072194,1700643062.651718,1,1700643054.6260066,1700643052.8269606,True,65994752.0,1700643054.645947,1700643059.6509175,5.00497055,5.0,0.0,67493888.0,1700643059.654172,5.06370902,1700643063.4370005,0
1700643052.7535255,0.042067,10304,753,0.027962,0,0.072194,1700643062.6480763,1,1700643054.5266886,1700643052.8269606,True,66011136.0,1700643054.6493554,1700643059.6509228,5.00156736,5.0,0.0,67641344.0,1700643059.6555135,5.06319618,1700643063.4375458,0
1700643052.7535255,0.042067,10304,753,0.027962,0,0.072194,1700643062.6541257,1,1700643054.6391358,1700643052.8269606,True,66011136.0,1700643054.6464827,1700643059.6509137,5.00443101,5.0,0.0,67510272.0,1700643059.6551073,5.06107712,1700643063.4366102,0
1700643052.7535255,0.042067,10304,753,0.027962,0,0.072194,1700643062.659598,1,1700643054.7071908,1700643052.8269606,True,66011136.0,1700643054.6514711,1700643059.6565232,5.00505209,5.0,0.0,67653632.0,1700643059.6600466,5.06455493,1700643063.437214,0
1700643052.7535255,0.042067,10304,753,0.027962,0,0.072194,1700643062.6489606,1,1700643054.5314474,1700643052.8269606,True,66011136.0,1700643054.649656,1700643059.6498792,5.00022316,5.0,0.0,67457024.0,1700643059.6535687,5.0565002,1700643063.4376976,0
1700643052.7535255,0.042067,10304,753,0.027962,0,0.072194,1700643062.657755,1,1700643055.0040941,1700643052.8269606,True,66011136.0,1700643054.6698394,1700643059.6709173,5.00107789,5.0,0.0,67653632.0,1700643059.6737251,5.07545614,1700643063.4380329,0
1700643052.7535255,0.042067,10304,753,0.027962,0,0.072194,1700643062.6883402,1,1700643054.7149723,1700643052.8269606,True,66011136.0,1700643054.6560931,1700643059.6611502,5.0050571,5.0,0.0,67399680.0,1700643059.6638117,5.06428719,1700643063.439656,0
1700643052.7535255,0.042067,10304,753,0.027962,0,0.072194,1700643062.6618414,1,1700643055.0638072,1700643052.8269606,True,66150400.0,1700643054.7656207,1700643059.77068,5.00505924,5.0,0.0,67088384.0,1700643059.7744057,5.06247306,1700643063.440639,0
1700643052.7535255,0.042067,10304,753,0.027962,0,0.072194,1700643062.7646418,1,1700643055.0959034,1700643052.8269606,True,66150400.0,1700643054.7690156,1700643059.7709234,5.00190783,5.0,0.0,67088384.0,1700643059.7741911,5.06045198,1700643063.44011,0
1700643052.7535255,0.042067,10304,753,0.027962,0,0.072194,1700643062.7057774,1,1700643054.9238267,1700643052.8269606,True,66150400.0,1700643054.7946296,1700643059.794748,5.00011849,5.0,0.0,67088384.0,1700643059.797549,5.08244395,1700643063.4391673,0
1700643052.7535255,0.042067,10304,753,0.027962,0,0.072194,1700643062.7620378,1,1700643055.2133715,1700643052.8269606,True,66150400.0,1700643054.7691438,1700643059.7696946,5.00055075,5.0,0.0,67084288.0,1700643059.773305,5.05688024,1700643063.4424658,0
1700643052.7535255,0.042067,10304,753,0.027962,0,0.072194,1700643062.7008207,1,1700643054.7088432,1700643052.8269606,True,66158592.0,1700643054.7865546,1700643059.791608,5.00505352,5.0,0.0,67092480.0,1700643059.794355,5.0769794,1700643063.4415965,0
1700643052.7535255,0.042067,10304,753,0.027962,0,0.072194,1700643062.7212317,1,1700643055.134905,1700643052.8269606,True,66154496.0,1700643054.7739005,1700643059.7789214,5.0050211,5.0,0.0,67092480.0,1700643059.7821205,5.06293559,1700643063.4422858,0
1700643052.7535255,0.042067,10304,753,0.027962,0,0.072194,1700643062.7346058,1,1700643055.0363925,1700643052.8269606,True,66158592.0,1700643054.7695916,1700643059.770919,5.00132775,5.0,0.0,67096576.0,1700643059.7743134,5.05378342,1700643063.4430463,0
1700643052.7535255,0.042067,10304,753,0.027962,0,0.072194,1700643062.7156825,1,1700643055.2082996,1700643052.8269606,True,66158592.0,1700643054.7795074,1700643059.7829187,5.00341129,5.0,0.0,67096576.0,1700643059.785981,5.06407213,1700643063.4429016,0
1700643052.7535255,0.042067,10304,753,0.027962,0,0.072194,1700643062.7246685,1,1700643055.0578563,1700643052.8269606,True,66158592.0,1700643054.7717786,1700643059.7749178,5.00313926,5.0,0.0,67096576.0,1700643059.7776403,5.0540092,1700643063.4431877,0
1700643052.7535255,0.042067,10304,753,0.027962,0,0.072194,1700643062.7078636,1,1700643054.8283715,1700643052.8269606,True,66158592.0,1700643054.7723956,1700643059.7774484,5.0050528,5.0,0.0,67096576.0,1700643059.7804842,5.05540776,1700643063.4689507,0
1700643052.7535255,0.042067,10304,753,0.027962,0,0.072194,1700643062.719077,1,1700643054.9043233,1700643052.8269606,True,66158592.0,1700643054.7977538,1700643059.79895,5.00119615,5.0,0.0,67096576.0,1700643059.801678,5.07473016,1700643063.4426637,0
1700643052.7535255,0.042067,10304,753,0.027962,0,0.072194,1700643062.7118633,1,1700643054.8701336,1700643052.8269606,True,66162688.0,1700643054.7837455,1700643059.7869222,5.00317669,5.0,0.0,67096576.0,1700643059.7895951,5.06039572,1700643063.4684358,0
1700643052.7535255,0.042067,10304,753,0.027962,0,0.072194,1700643062.7225697,1,1700643055.0852387,1700643052.8269606,True,66220032.0,1700643054.804996,1700643059.807391,5.00239491,5.0,0.0,67088384.0,1700643059.811083,5.06579542,1700643063.444023,0
1700643052.7535255,0.042067,10304,753,0.027962,0,0.072194,1700643062.7392845,1,1700643055.0567927,1700643052.8269606,True,66220032.0,1700643054.8071444,1700643059.8072748,5.00013041,5.0,0.0,67088384.0,1700643059.8107069,5.06329155,1700643063.4452035,0
1700643052.7535255,0.042067,10304,753,0.027962,0,0.072194,1700643062.7862444,1,1700643054.6992545,1700643052.8269606,True,66220032.0,1700643054.80632,1700643059.8073883,5.00106835,5.0,0.0,67088384.0,1700643059.8112326,5.06200886,1700643063.4457588,0
1700643052.7535255,0.042067,10304,753,0.027962,0,0.072194,1700643062.8120098,1,1700643054.943359,1700643052.8269606,True,66220032.0,1700643054.8123558,1700643059.8174124,5.00505662,5.0,0.0,67088384.0,1700643059.8201776,5.06903267,1700643063.4468684,0
1700643052.7535255,0.042067,10304,753,0.027962,0,0.072194,1700643062.7607262,1,1700643054.9709108,1700643052.8269606,True,66228224.0,1700643054.8122585,1700643059.8173108,5.00505233,5.0,0.0,67092480.0,1700643059.8201346,5.06743288,1700643063.4464762,0
1700643052.7535255,0.042067,10304,753,0.027962,0,0.072194,1700643062.7554152,1,1700643055.073795,1700643052.8269606,True,66224128.0,1700643054.805292,1700643059.8073833,5.00209117,5.0,0.0,67092480.0,1700643059.8109996,5.05696058,1700643063.4473362,0
1700643052.7535255,0.042067,10304,753,0.027962,0,0.072194,1700643062.7378938,1,1700643054.7346249,1700643052.8269606,True,66228224.0,1700643054.8314662,1700643059.8353934,5.00392723,5.0,0.0,67096576.0,1700643059.8379354,5.08224845,1700643063.4477196,0
1700643052.7535255,0.042067,10304,753,0.027962,0,0.072194,1700643062.732512,1,1700643055.167844,1700643052.8269606,True,66228224.0,1700643054.8072147,1700643059.812268,5.00505328,5.0,0.0,67096576.0,1700643059.8149865,5.05731511,1700643063.4497037,0
1700643052.7535255,0.042067,10304,753,0.027962,0,0.072194,1700643062.7269795,1,1700643055.065412,1700643052.8269606,True,66228224.0,1700643054.812667,1700643059.814039,5.00137234,5.0,0.0,67096576.0,1700643059.8169537,5.05726838,1700643063.453166,0
1700643052.7535255,0.042067,10304,753,0.027962,0,0.072194,1700643062.7433603,1,1700643055.193319,1700643052.8269606,True,66228224.0,1700643054.8076143,1700643059.812663,5.00504875,5.0,0.0,67096576.0,1700643059.8152258,5.05456352,1700643063.4552183,0
1700643052.7535255,0.042067,10304,753,0.027962,0,0.072194,1700643062.7477815,1,1700643055.1222236,1700643052.8269606,True,66228224.0,1700643054.8138266,1700643059.8153896,5.00156307,5.0,0.0,67096576.0,1700643059.817941,5.05515432,1700643063.45723,0
1700643052.7535255,0.042067,10304,753,0.027962,0,0.072194,1700643062.7742274,1,1700643054.7963653,1700643052.8269606,True,66232320.0,1700643054.8208876,1700643059.8240392,5.00315166,5.0,0.0,67100672.0,1700643059.8264203,5.06189346,1700643063.4583075,0
1700643052.7535255,0.042067,10304,753,0.027962,0,0.072194,1700643062.7957215,1,1700643054.980094,1700643052.8269606,True,65933312.0,1700643054.789441,1700643059.7913954,5.00195432,5.0,0.0,67104768.0,1700643059.7950046,5.06748056,1700643063.4587345,0
1700643052.7535255,0.042067,10304,753,0.027962,0,0.072194,1700643062.766879,1,1700643054.7677348,1700643052.8269606,True,65933312.0,1700643054.7868202,1700643059.791396,5.00457573,5.0,0.0,67104768.0,1700643059.7949333,5.06627798,1700643063.4608705,0
1700643052.7535255,0.042067,10304,753,0.027962,0,0.072194,1700643062.799569,1,1700643054.7336953,1700643052.8269606,True,65937408.0,1700643054.793949,1700643059.7953842,5.00143552,5.0,0.0,67104768.0,1700643059.7992115,5.06914163,1700643063.4628792,0
1700643052.7535255,0.042067,10304,753,0.027962,0,0.072194,1700643062.772171,1,1700643055.2065704,1700643052.8269606,True,65937408.0,1700643054.7922509,1700643059.7953832,5.00313234,5.0,0.0,67104768.0,1700643059.7993045,5.06779218,1700643063.4640794,0
1700643052.7535255,0.042067,10304,753,0.027962,0,0.072194,1700643062.7912865,1,1700643055.0584345,1700643052.8269606,True,65937408.0,1700643054.7913206,1700643059.795396,5.00407529,15.0,0.0,67104768.0,1700643059.7982457,5.06532097,1700643063.4646964,0
1700643052.7535255,0.042067,10304,753,0.027962,0,0.072194,1700643062.7583585,1,1700643055.0624373,1700643052.8269606,True,65937408.0,1700643054.7921124,1700643059.7953851,5.00327277,15.0,0.0,67108864.0,1700643059.7990274,5.06426263,1700643063.4644313,0
1700643052.7535255,0.042067,10304,753,0.027962,0,0.072194,1700643062.7456672,1,1700643054.6403449,1700643052.8269606,True,65941504.0,1700643054.7947526,1700643059.799815,5.00506234,15.0,0.0,67112960.0,1700643059.8024766,5.06573319,1700643063.466998,0
1700643052.7535255,0.042067,10304,753,0.027962,0,0.072194,1700643062.7943263,1,1700643054.8045876,1700643052.8269606,True,65941504.0,1700643054.792567,1700643059.7953866,5.00281954,15.0,0.0,67112960.0,1700643059.7987835,5.06004381,1700643063.465516,0
1700643052.7535255,0.042067,10304,753,0.027962,0,0.072194,1700643062.750785,1,1700643055.1848807,1700643052.8269606,True,65941504.0,1700643054.8012254,1700643059.8033872,5.00216174,15.0,0.0,67112960.0,1700643059.805831,5.06624484,1700643063.4435709,0
1700643052.7535255,0.042067,10304,753,0.027962,0,0.072194,1700643062.8103752,1,1700643054.7759395,1700643052.8269606,True,65941504.0,1700643054.8349044,1700643059.8393865,5.00448203,15.0,0.0,67112960.0,1700643059.841804,5.10074759,1700643063.4705875,0
1700643052.7535255,0.042067,10304,753,0.027962,0,0.072194,1700643062.7530437,1,1700643054.908685,1700643052.8269606,True,65941504.0,1700643054.8087292,1700643059.8113928,5.00266361,15.0,0.0,67112960.0,1700643059.8141289,5.07081389,1700643063.4701426,0
1700643052.7535255,0.042067,10304,753,0.027962,0,0.072194,1700643062.816045,1,1700643055.1735485,1700643052.8269606,True,65945600.0,1700643054.7986383,1700643059.8036962,5.00505781,15.0,0.0,67117056.0,1700643059.8062618,5.06143332,1700643063.4719083,0
1700643052.7535255,0.042067,10304,753,0.027962,0,0.072194,1700643062.7801695,1,1700643054.575454,1700643052.8269606,True,66158592.0,1700643054.4062402,1700643059.411304,5.00506377,15.0,0.0,67252224.0,1700643059.4139924,5.08469844,1700643063.472062,0
1700643052.7535255,0.042067,10304,753,0.027962,0,0.072194,1700643062.784536,1,1700643054.439903,1700643052.8269606,True,66158592.0,1700643054.4079802,1700643059.413037,5.00505686,15.0,0.0,67309568.0,1700643059.415668,5.08486819,1700643063.491535,0
1700643052.7535255,0.042067,10304,753,0.027962,0,0.072194,1700643062.7692924,1,1700643054.7324884,1700643052.8269606,True,66158592.0,1700643054.4123993,1700643059.41745,5.00505066,15.0,0.0,67219456.0,1700643059.4200282,5.08759403,1700643063.4737191,0
1700643052.7535255,0.042067,10304,753,0.027962,0,0.072194,1700643062.8089287,1,1700643054.5023632,1700643052.8269606,True,66166784.0,1700643054.42701,1700643059.4320655,5.00505567,15.0,0.0,67194880.0,1700643059.434647,5.10072851,1700643063.4756856,0
1700643052.7535255,0.042067,10304,753,0.027962,0,0.072194,1700643062.77811,1,1700643054.6619,1700643052.8269606,True,66166784.0,1700643054.4151788,1700643059.4202416,5.00506282,15.0,0.0,67223552.0,1700643059.422715,5.08730078,1700643063.4760804,0
1700643052.7535255,0.042067,10304,753,0.027962,0,0.072194,1700643062.7825303,1,1700643054.410255,1700643052.8269606,True,66162688.0,1700643054.3940778,1700643059.3991406,5.00506282,15.0,0.0,67313664.0,1700643059.402389,5.06523013,1700643063.4742937,0
1700643052.7535255,0.042067,10304,753,0.027962,0,0.072194,1700643062.8266776,1,1700643054.246886,1700643052.8269606,True,66166784.0,1700643054.410947,1700643059.4160128,5.00506544,15.0,0.0,67194880.0,1700643059.4185526,5.07937551,1700643063.4749668,0
1700643052.7535255,0.042067,10304,753,0.027962,0,0.072194,1700643062.8220222,1,1700643054.2846756,1700643052.8269606,True,66166784.0,1700643054.4106572,1700643059.4157114,5.00505424,15.0,0.0,67149824.0,1700643059.418328,5.07736778,1700643063.4763489,0
1700643052.7535255,0.042067,10304,753,0.027962,0,0.072194,1700643062.807454,1,1700643054.403631,1700643052.8269606,True,66166784.0,1700643054.4128776,1700643059.4179285,5.0050509,15.0,0.0,67170304.0,1700643059.4205787,5.0779531,1700643063.4764948,0
1700643052.7535255,0.042067,10304,753,0.027962,0,0.072194,1700643062.8258035,1,1700643054.279398,1700643052.8269606,True,66166784.0,1700643054.4199226,1700643059.4233837,5.00346088,15.0,0.0,67170304.0,1700643059.4259722,5.08121276,1700643063.4766424,0
1700643052.7535255,0.042067,10304,753,0.027962,0,0.072194,1700643062.805158,1,1700643054.2707262,1700643052.8269606,True,66166784.0,1700643054.42038,1700643059.4254346,5.00505471,15.0,0.0,67194880.0,1700643059.427925,5.08175778,1700643063.476783,0
1700643052.7535255,0.042067,10304,753,0.027962,0,0.072194,1700643062.8170922,1,1700643054.4960964,1700643052.8269606,True,66170880.0,1700643054.422744,1700643059.4278004,5.00505638,15.0,0.0,67231744.0,1700643059.4302945,5.08219886,1700643063.478053,0
1700643052.7535255,0.042067,10304,753,0.027962,0,0.072194,1700643062.7889674,1,1700643054.524816,1700643052.8269606,True,66195456.0,1700643054.526862,1700643059.530915,5.00405312,15.0,0.0,67227648.0,1700643059.533495,5.09529567,1700643063.4770412,0
1700643052.7535255,0.042067,10304,753,0.027962,0,0.072194,1700643062.8020132,1,1700643054.6692703,1700643052.8269606,True,66199552.0,1700643054.5177846,1700643059.5228505,5.00506592,15.0,0.0,67231744.0,1700643059.5255404,5.08435273,1700643063.4778876,0
1700643052.7535255,0.042067,10304,753,0.027962,0,0.072194,1700643062.8150506,1,1700643054.487119,1700643052.8269606,True,66199552.0,1700643054.5306134,1700643059.53539,5.00477672,15.0,0.0,67231744.0,1700643059.5383213,5.09595346,1700643063.4773424,0
1700643052.7535255,0.042067,10304,753,0.027962,0,0.072194,1700643062.8139477,1,1700643054.9058914,1700643052.8269606,True,66199552.0,1700643054.5218315,1700643059.5222664,5.00043488,15.0,0.0,67231744.0,1700643059.5253646,5.0813148,1700643063.4784873,0
1700643052.7535255,0.042067,10304,753,0.027962,0,0.072194,1700643062.835264,1,1700643054.5717578,1700643052.8269606,True,66203648.0,1700643054.5314996,1700643059.5320404,5.00054073,15.0,0.0,67231744.0,1700643059.5345938,5.08877659,1700643063.4782534,0
1700643052.7535255,0.042067,10304,753,0.027962,0,0.072194,1700643062.8285682,1,1700643054.8856797,1700643052.8269606,True,66199552.0,1700643054.5483043,1700643059.5533636,5.00505924,15.0,0.0,67231744.0,1700643059.555843,5.10817146,1700643063.479319,0
1700643052.7535255,0.042067,10304,753,0.027962,0,0.072194,1700643062.832902,1,1700643054.6245458,1700643052.8269606,True,66203648.0,1700643054.5471067,1700643059.5513864,5.00427961,15.0,0.0,67235840.0,1700643059.5538046,5.09959459,1700643063.4790168,0
1700643052.7535255,0.042067,10304,753,0.027962,0,0.072194,1700643062.82523,1,1700643054.9494336,1700643052.8269606,True,66203648.0,1700643054.5411637,1700643059.5433884,5.00222468,15.0,0.0,67235840.0,1700643059.54577,5.0912745,1700643063.4800732,0
1700643052.7535255,0.042067,10304,753,0.027962,0,0.072194,1700643062.8140976,1,1700643054.3618941,1700643052.8269606,True,66207744.0,1700643054.533585,1700643059.5353897,5.00180459,15.0,0.0,67239936.0,1700643059.538094,5.08289671,1700643063.480761,0
1700643052.7535255,0.042067,10304,753,0.027962,0,0.072194,1700643062.81832,1,1700643054.3745277,1700643052.8269606,True,66207744.0,1700643054.559091,1700643059.563385,5.00429392,15.0,0.0,67239936.0,1700643059.5657804,5.10553265,1700643063.481104,0
1700643052.7535255,0.042067,10304,753,0.027962,0,0.072194,1700643062.8181417,1,1700643054.4186938,1700643052.8269606,True,66207744.0,1700643054.5806062,1700643059.5833876,5.00278139,15.0,0.0,67239936.0,1700643059.5859115,5.12422657,1700643063.4825118,0
1700643052.7535255,0.042067,10304,753,0.027962,0,0.072194,1700643062.8342853,1,1700643054.5057666,1700643052.8269606,True,66203648.0,1700643054.5376692,1700643059.5393946,5.00172544,15.0,0.0,67235840.0,1700643059.541831,5.0674994,1700643063.481969,0
1700643052.7535255,0.042067,10304,753,0.027962,0,0.072194,1700643062.824373,1,1700643054.7368798,1700643052.8269606,True,66068480.0,1700643054.5468564,1700643059.5519135,5.0050571,15.0,0.0,67223552.0,1700643059.554962,5.08206534,1700643063.4823682,0
1700643052.7535255,0.042067,10304,753,0.027962,0,0.072194,1700643062.8460996,1,1700643054.7797682,1700643052.8269606,True,66068480.0,1700643054.555181,1700643059.5602338,5.0050528,15.0,0.0,67223552.0,1700643059.56292,5.08819079,1700643063.4814515,0
1700643052.7535255,0.042067,10304,753,0.027962,0,0.072194,1700643062.8237677,1,1700643054.408276,1700643052.8269606,True,66068480.0,1700643054.555284,1700643059.5572605,5.00197649,15.0,0.0,67223552.0,1700643059.5599265,5.08323574,1700643063.4829636,0
1700643052.7535255,0.042067,10304,753,0.027962,0,0.072194,1700643062.821906,1,1700643054.5246282,1700643052.8269606,True,66076672.0,1700643054.556424,1700643059.558431,5.00200653,15.0,0.0,67227648.0,1700643059.560987,5.08042765,1700643063.48277,0
1700643052.7535255,0.042067,10304,753,0.027962,0,0.072194,1700643062.827567,1,1700643054.4386554,1700643052.8269606,True,66076672.0,1700643054.5753157,1700643059.5772638,5.00194836,15.0,0.0,67231744.0,1700643059.579736,5.09719539,1700643063.4833736,0
1700643052.7535255,0.042067,10304,753,0.027962,0,0.072194,1700643062.8305066,1,1700643054.8216548,1700643052.8269606,True,66076672.0,1700643054.5648406,1700643059.5692587,5.00441813,15.0,0.0,67231744.0,1700643059.5719006,5.08731151,1700643063.4840145,0
1700643052.7535255,0.042067,10304,753,0.027962,0,0.072194,1700643062.83025,1,1700643054.8618941,1700643052.8269606,True,66076672.0,1700643054.60268,1700643059.6052618,5.00258183,15.0,0.0,67231744.0,1700643059.60768,5.12118697,1700643063.4860632,0
1700643052.7535255,0.042067,10304,753,0.027962,0,0.072194,1700643062.8317375,1,1700643054.478285,1700643052.8269606,True,66076672.0,1700643054.5730393,1700643059.5780892,5.00504994,15.0,0.0,67231744.0,1700643059.5805628,5.0921216,1700643063.4845767,0
1700643052.7535255,0.042067,10304,753,0.027962,0,0.072194,1700643062.8367658,1,1700643054.435171,1700643052.8269606,True,66076672.0,1700643054.5676546,1700643059.569259,5.00160432,15.0,0.0,67231744.0,1700643059.5720632,5.08176899,1700643063.486498,0
1700643052.7535255,0.042067,10304,753,0.027962,0,0.072194,1700643062.8967855,1,1700643054.8358686,1700643052.8269606,True,66076672.0,1700643054.5586915,1700643059.5637393,5.00504756,15.0,0.0,67231744.0,1700643059.5662484,5.07386565,1700643063.4863236,0
1700643052.7535255,0.042067,10304,753,0.027962,0,0.072194,1700643062.8853714,1,1700643054.446897,1700643052.8269606,True,66084864.0,1700643054.578363,1700643059.581262,5.00289893,15.0,0.0,67239936.0,1700643059.5837536,5.08710575,1700643063.487739,0
1700643052.7535255,0.042067,10304,753,0.027962,0,0.072194,1700643062.881191,1,1700643054.5046127,1700643052.8269606,True,66076672.0,1700643054.574221,1700643059.5792687,5.00504804,15.0,0.0,67227648.0,1700643059.581669,5.07179213,1700643063.487146,0
1700643052.7535255,0.042067,10304,753,0.027962,0,0.072194,1700643062.89135,1,1700643054.3443837,1700643052.8269606,True,65937408.0,1700643054.425015,1700643059.4300635,5.00504875,15.0,0.0,67108864.0,1700643059.43253,5.09168959,1700643063.4879854,0
1700643052.7535255,0.042067,10304,753,0.027962,0,0.072194,1700643062.8833537,1,1700643054.3948011,1700643052.8269606,True,65937408.0,1700643054.47152,1700643059.4732618,5.00174189,15.0,0.0,67108864.0,1700643059.4756508,5.13282013,1700643063.4888985,0
1700643052.7535255,0.042067,10304,753,0.027962,0,0.072194,1700643062.8875146,1,1700643054.7269778,1700643052.8269606,True,65937408.0,1700643054.4321904,1700643059.4338987,5.00170827,15.0,0.0,67108864.0,1700643059.4363968,5.09185982,1700643063.489359,0
1700643052.7535255,0.042067,10304,753,0.027962,0,0.072194,1700643062.9013846,1,1700643054.4577096,1700643052.8269606,True,65945600.0,1700643054.4274263,1700643059.432475,5.00504875,15.0,0.0,67112960.0,1700643059.435325,5.08937693,1700643063.489598,0
1700643052.7535255,0.042067,10304,753,0.027962,0,0.072194,1700643062.8999317,1,1700643054.5326927,1700643052.8269606,True,65945600.0,1700643054.4097106,1700643059.414772,5.00506139,15.0,0.0,67112960.0,1700643059.4180863,5.06997228,1700643063.4902585,0
1700643052.7535255,0.042067,10304,753,0.027962,0,0.072194,1700643062.9146724,1,1700643054.6202428,1700643052.8269606,True,65945600.0,1700643054.427595,1700643059.4326468,5.00505185,15.0,0.0,67117056.0,1700643059.4353864,5.08561468,1700643063.490921,0
1700643052.7535255,0.042067,10304,753,0.027962,0,0.072194,1700643062.9059374,1,1700643054.7511764,1700643052.8269606,True,65945600.0,1700643054.4214337,1700643059.4264896,5.0050559,15.0,0.0,67121152.0,1700643059.429134,5.07814145,1700643063.4912615,0
1700643052.7535255,0.042067,10304,753,0.027962,0,0.072194,1700643062.9159927,1,1700643054.3566418,1700643052.8269606,True,65945600.0,1700643054.4169822,1700643059.4220347,5.00505257,15.0,0.0,67117056.0,1700643059.424989,5.07191324,1700643063.49271,0
1700643052.7535255,0.042067,10304,753,0.027962,0,0.072194,1700643062.9082818,1,1700643054.528643,1700643052.8269606,True,65945600.0,1700643054.4379034,1700643059.4412577,5.00335431,15.0,0.0,67121152.0,1700643059.4436378,5.08907485,1700643063.491886,0
1700643052.7535255,0.042067,10304,753,0.027962,0,0.072194,1700643062.910305,1,1700643054.2577739,1700643052.8269606,True,65945600.0,1700643054.416883,1700643059.421938,5.00505495,15.0,0.0,67117056.0,1700643059.424983,5.06859589,1700643063.494028,0
1700643052.7535255,0.042067,10304,753,0.027962,0,0.072194,1700643062.9288225,1,1700643054.5757027,1700643052.8269606,True,65945600.0,1700643054.4211924,1700643059.4262404,5.00504804,15.0,0.0,67121152.0,1700643059.428969,5.07051229,1700643063.493513,0
1700643052.7535255,0.042067,10304,753,0.027962,0,0.072194,1700643062.9123344,1,1700643054.5950694,1700643052.8269606,True,65953792.0,1700643054.420424,1700643059.4252682,5.00484419,15.0,0.0,67125248.0,1700643059.4277303,5.067451,1700643063.4972992,0
1700643052.7535255,0.042067,10304,753,0.027962,0,0.072194,1700643062.9459932,1,1700643054.993823,1700643052.8269606,True,66007040.0,1700643054.8124914,1700643059.817274,5.00478244,15.0,0.0,67207168.0,1700643059.8204112,5.09131455,1700643063.4992125,0
1700643052.7535255,0.042067,10304,753,0.027962,0,0.072194,1700643062.9312294,1,1700643054.9664407,1700643052.8269606,True,66007040.0,1700643054.7881775,1700643059.7892702,5.00109243,15.0,0.0,67211264.0,1700643059.792866,5.06219411,1700643063.5007052,0
1700643052.7535255,0.042067,10304,753,0.027962,0,0.072194,1700643062.9608665,1,1700643054.730992,1700643052.8269606,True,66007040.0,1700643054.8205376,1700643059.8252633,5.00472569,15.0,0.0,67211264.0,1700643059.8282592,5.09626436,1700643063.501758,0
1700643052.7535255,0.042067,10304,753,0.027962,0,0.072194,1700643062.9349244,1,1700643054.9110343,1700643052.8269606,True,66011136.0,1700643054.7906733,1700643059.791927,5.00125384,15.0,0.0,67211264.0,1700643059.7944553,5.0611341,1700643063.5026312,0
1700643052.7535255,0.042067,10304,753,0.027962,0,0.072194,1700643062.9259725,1,1700643055.0884728,1700643052.8269606,True,66011136.0,1700643054.800455,1700643059.805514,5.00505877,15.0,0.0,67276800.0,1700643059.8087218,5.07418036,1700643063.503736,0
1700643052.7535255,0.042067,10304,753,0.027962,0,0.072194,1700643062.9388356,1,1700643054.9294577,1700643052.8269606,True,66015232.0,1700643054.7903943,1700643059.7954438,5.00504923,15.0,0.0,67215360.0,1700643059.798122,5.06213284,1700643063.5045972,0
1700643052.7535255,0.042067,10304,753,0.027962,0,0.072194,1700643062.918119,1,1700643055.0410874,1700643052.8269606,True,66015232.0,1700643054.7881846,1700643059.78927,5.00108528,15.0,0.0,67219456.0,1700643059.792866,5.05565166,1700643063.5062916,0
1700643052.7535255,0.042067,10304,753,0.027962,0,0.072194,1700643062.9506636,1,1700643054.686909,1700643052.8269606,True,66015232.0,1700643054.811999,1700643059.813265,5.00126624,15.0,0.0,67215360.0,1700643059.815606,5.07695413,1700643063.509322,0
1700643052.7535255,0.042067,10304,753,0.027962,0,0.072194,1700643062.922973,1,1700643055.149031,1700643052.8269606,True,66015232.0,1700643054.79874,1700643059.8012626,5.00252247,15.0,0.0,67215360.0,1700643059.8039732,5.0642097,1700643063.5089054,0
1700643052.7535255,0.042067,10304,753,0.027962,0,0.072194,1700643062.953516,1,1700643055.0501835,1700643052.8269606,True,66015232.0,1700643054.7989316,1700643059.8012643,5.00233269,15.0,0.0,67215360.0,1700643059.804116,5.06270051,1700643063.509482,0
1700643052.7535255,0.042067,10304,753,0.027962,0,0.072194,1700643062.9442933,1,1700643055.2243886,1700643052.8269606,True,66015232.0,1700643054.8011627,1700643059.8052611,5.00409842,15.0,0.0,67215360.0,1700643059.8077824,5.0652194,1700643063.5091796,0
1700643052.7535255,0.042067,10304,753,0.027962,0,0.072194,1700643062.9825842,1,1700643054.7779224,1700643052.8269606,True,66019328.0,1700643054.804788,1700643059.8092654,5.0044775,15.0,0.0,67219456.0,1700643059.811869,5.06777096,1700643063.5108535,0
1700643052.7535255,0.042067,10304,753,0.027962,0,0.072194,1700643062.9409056,1,1700643054.5143182,1700643052.8269606,True,66076672.0,1700643054.653097,1700643059.6581464,5.00504947,15.0,0.0,67485696.0,1700643059.6606936,5.0874393,1700643063.5121694,0
1700643052.7535255,0.042067,10304,753,0.027962,0,0.072194,1700643062.937296,1,1700643054.731503,1700643052.8269606,True,66076672.0,1700643054.653292,1700643059.6573985,5.00410652,15.0,0.0,67297280.0,1700643059.66016,5.08494782,1700643063.5124912,0
1700643052.7535255,0.042067,10304,753,0.027962,0,0.072194,1700643062.9680898,1,1700643054.494897,1700643052.8269606,True,66076672.0,1700643054.6272197,1700643059.6280134,5.0007937,15.0,0.0,67485696.0,1700643059.6309965,5.05452728,1700643063.5131266,0
1700643052.7535255,0.042067,10304,753,0.027962,0,0.072194,1700643062.9557202,1,1700643054.9134634,1700643052.8269606,True,66080768.0,1700643054.6390638,1700643059.6412716,5.00220776,15.0,0.0,67489792.0,1700643059.6450293,5.06730437,1700643063.5151234,0
1700643052.7535255,0.042067,10304,753,0.027962,0,0.072194,1700643062.9702213,1,1700643054.8566115,1700643052.8269606,True,66084864.0,1700643054.6520898,1700643059.657137,5.00504708,15.0,0.0,67555328.0,1700643059.65981,5.08086228,1700643063.5178628,0
1700643052.7535255,0.042067,10304,753,0.027962,0,0.072194,1700643062.9936972,1,1700643054.9551995,1700643052.8269606,True,66084864.0,1700643054.6398842,1700643059.6417198,5.00183558,15.0,0.0,67428352.0,1700643059.644724,5.06356144,1700643063.516383,0
1700643052.7535255,0.042067,10304,753,0.027962,0,0.072194,1700643062.96236,1,1700643054.5111394,1700643052.8269606,True,66084864.0,1700643054.6449516,1700643059.6492603,5.0043087,15.0,0.0,67362816.0,1700643059.6518695,5.06659198,1700643063.5176115,0
1700643052.7535255,0.042067,10304,753,0.027962,0,0.072194,1700643063.069569,1,1700643055.0816858,1700643052.8269606,True,66084864.0,1700643054.6370118,1700643059.6412716,5.00425982,15.0,0.0,67268608.0,1700643059.6444366,5.05897784,1700643063.5186598,0
1700643052.7535255,0.042067,10304,753,0.027962,0,0.072194,1700643062.9773698,1,1700643054.9504268,1700643052.8269606,True,66084864.0,1700643054.643746,1700643059.6443155,5.00056982,15.0,0.0,67428352.0,1700643059.6467648,5.06071234,1700643063.5191932,0
1700643052.7535255,0.042067,10304,753,0.027962,0,0.072194,1700643063.0055418,1,1700643054.7596135,1700643052.8269606,True,66084864.0,1700643054.6410828,1700643059.6452663,5.00418377,15.0,0.0,67305472.0,1700643059.6476898,5.05929661,1700643063.519738,0
1700643052.7535255,0.042067,10304,753,0.027962,0,0.072194,1700643062.9594831,1,1700643054.6410646,1700643052.8269606,True,66084864.0,1700643054.64564,1700643059.649268,5.00362802,15.0,0.0,67559424.0,1700643059.6526222,5.06280875,1700643063.521069,0
1700643052.7535255,0.042067,10304,753,0.027962,0,0.072194,1700643062.992174,1,1700643054.8290982,1700643052.8269606,True,66093056.0,1700643054.6498342,1700643059.6532593,5.00342512,15.0,0.0,67317760.0,1700643059.6556363,5.06406689,1700643063.5206375,0
1700643052.7535255,0.042067,10304,753,0.027962,0,0.072194,1700643062.9847777,1,1700643054.9119058,1700643052.8269606,True,66146304.0,1700643054.5350769,1700643059.5402784,5.00520158,15.0,0.0,67612672.0,1700643059.544355,5.10011315,1700643063.5207715,0
1700643052.7535255,0.042067,10304,753,0.027962,0,0.072194,1700643062.9731288,1,1700643054.9414952,1700643052.8269606,True,66146304.0,1700643054.5620546,1700643059.5665305,5.00447583,15.0,0.0,67416064.0,1700643059.57047,5.12024927,1700643063.5209198,0
1700643052.7535255,0.042067,10304,753,0.027962,0,0.072194,1700643062.981077,1,1700643054.4922132,1700643052.8269606,True,66150400.0,1700643054.5612338,1700643059.5664048,5.00517106,15.0,0.0,67616768.0,1700643059.570179,5.11703467,1700643063.521433,0
1700643052.7535255,0.042067,10304,753,0.027962,0,0.072194,1700643062.9955049,1,1700643054.4222903,1700643052.8269606,True,66154496.0,1700643054.5713348,1700643059.57444,5.00310516,15.0,0.0,67616768.0,1700643059.5772762,5.12365031,1700643063.5216565,0
1700643052.7535255,0.042067,10304,753,0.027962,0,0.072194,1700643062.9899046,1,1700643054.6858,1700643052.8269606,True,66154496.0,1700643054.5624523,1700643059.5675194,5.00506711,15.0,0.0,67620864.0,1700643059.5709925,5.10677004,1700643063.5222864,0
1700643052.7535255,0.042067,10304,753,0.027962,0,0.072194,1700643062.986867,1,1700643054.6513734,1700643052.8269606,True,66154496.0,1700643054.5913875,1700643059.594542,5.00315452,15.0,0.0,67620864.0,1700643059.5978189,5.13355756,1700643063.5219164,0
1700643052.7535255,0.042067,10304,753,0.027962,0,0.072194,1700643063.0564508,1,1700643054.6444898,1700643052.8269606,True,66154496.0,1700643054.599213,1700643059.6024487,5.00323582,15.0,0.0,67620864.0,1700643059.605414,5.1288631,1700643063.5232491,0
1700643052.7535255,0.042067,10304,753,0.027962,0,0.072194,1700643063.022006,1,1700643054.9308515,1700643052.8269606,True,66154496.0,1700643054.5796216,1700643059.5847552,5.00513363,15.0,0.0,67297280.0,1700643059.588829,5.10996866,1700643063.5234177,0
1700643052.7535255,0.042067,10304,753,0.027962,0,0.072194,1700643063.0031805,1,1700643054.7302554,1700643052.8269606,True,66162688.0,1700643054.5805182,1700643059.5856614,5.00514317,15.0,0.0,67629056.0,1700643059.5892334,5.10831785,1700643063.5225978,0
1700643052.7535255,0.042067,10304,753,0.027962,0,0.072194,1700643063.0198982,1,1700643054.8297467,1700643052.8269606,True,66154496.0,1700643054.5824645,1700643059.587515,5.00505066,15.0,0.0,67620864.0,1700643059.590495,5.10612798,1700643063.524082,0
1700643052.7535255,0.042067,10304,753,0.027962,0,0.072194,1700643063.065246,1,1700643054.792865,1700643052.8269606,True,66154496.0,1700643054.593947,1700643059.5989976,5.00505066,15.0,0.0,67620864.0,1700643059.6027052,5.1177361,1700643063.5238698,0
1700643052.7535255,0.042067,10304,753,0.027962,0,0.072194,1700643063.0176213,1,1700643054.9530852,1700643052.8269606,True,66158592.0,1700643054.58964,1700643059.5947044,5.00506425,15.0,0.0,67305472.0,1700643059.5980985,5.10629106,1700643063.5254931,0
1700643052.7535255,0.042067,10304,753,0.027962,0,0.072194,1700643063.0233085,1,1700643054.819522,1700643052.8269606,True,66224128.0,1700643054.9123373,1700643059.9144382,5.00210094,15.0,0.0,67514368.0,1700643059.9173615,5.07744145,1700643063.5245695,0
1700643052.7535255,0.042067,10304,753,0.027962,0,0.072194,1700643063.0011537,1,1700643055.3035057,1700643052.8269606,True,66224128.0,1700643054.908938,1700643059.9104433,5.00150537,15.0,0.0,67407872.0,1700643059.9145887,5.07242703,1700643063.525709,0
1700643052.7535255,0.042067,10304,753,0.027962,0,0.072194,1700643063.0415444,1,1700643054.976921,1700643052.8269606,True,66224128.0,1700643054.904692,1700643059.906515,5.00182295,15.0,0.0,67407872.0,1700643059.9136226,5.06819487,1700643063.5263112,0
1700643052.7535255,0.042067,10304,753,0.027962,0,0.072194,1700643063.0102284,1,1700643054.830075,1700643052.8269606,True,66228224.0,1700643054.919813,1700643059.9224453,5.00263262,15.0,0.0,67407872.0,1700643059.9264395,5.07905722,1700643063.526497,0
1700643052.7535255,0.042067,10304,753,0.027962,0,0.072194,1700643063.0731585,1,1700643054.8324432,1700643052.8269606,True,66232320.0,1700643054.9091003,1700643059.9104445,5.00134397,15.0,0.0,67518464.0,1700643059.9149375,5.06518674,1700643063.52685,0
1700643052.7535255,0.042067,10304,753,0.027962,0,0.072194,1700643063.0266352,1,1700643055.2034676,1700643052.8269606,True,66232320.0,1700643054.9333253,1700643059.9344485,5.00112319,15.0,0.0,67457024.0,1700643059.9378092,5.08522463,1700643063.527697,0
1700643052.7535255,0.042067,10304,753,0.027962,0,0.072194,1700643063.0681722,1,1700643054.9096277,1700643052.8269606,True,66232320.0,1700643054.9169588,1700643059.9184422,5.00148344,15.0,0.0,67035136.0,1700643059.9216945,5.0665431,1700643063.527226,0
1700643052.7535255,0.042067,10304,753,0.027962,0,0.072194,1700643063.0605628,1,1700643054.9101884,1700643052.8269606,True,66232320.0,1700643054.9230864,1700643059.926449,5.00336266,15.0,0.0,67457024.0,1700643059.9294288,5.07213068,1700643063.52752,0
1700643052.7535255,0.042067,10304,753,0.027962,0,0.072194,1700643063.0579326,1,1700643055.3240638,1700643052.8269606,True,66232320.0,1700643054.920087,1700643059.9225187,5.00243163,15.0,0.0,67035136.0,1700643059.9266963,5.06754541,1700643063.5278811,0
1700643052.7535255,0.042067,10304,753,0.027962,0,0.072194,1700643063.0136063,1,1700643054.8692954,1700643052.8269606,True,66232320.0,1700643054.918493,1700643059.9224465,5.00395322,15.0,0.0,67416064.0,1700643059.9261005,5.06477547,1700643063.5284133,0
1700643052.7535255,0.042067,10304,753,0.027962,0,0.072194,1700643063.0592546,1,1700643054.868992,1700643052.8269606,True,66232320.0,1700643054.931881,1700643059.9344418,5.00256085,15.0,0.0,67522560.0,1700643059.9380198,5.07457137,1700643063.5298507,0
1700643052.7535255,0.042067,10304,753,0.027962,0,0.072194,1700643063.039389,1,1700643055.1903787,1700643052.8269606,True,66236416.0,1700643054.9282608,1700643059.9304435,5.00218272,15.0,0.0,67526656.0,1700643059.9333737,5.06720924,1700643063.5304103,0
1700643052.7535255,0.042067,10304,753,0.027962,0,0.072194,1700643063.045077,1,1700643055.035328,1700643052.8269606,True,66121728.0,1700643054.8717153,1700643059.8744507,5.00273538,15.0,0.0,67469312.0,1700643059.8788872,5.0689621,1700643063.530976,0
1700643052.7535255,0.042067,10304,753,0.027962,0,0.072194,1700643063.036917,1,1700643055.1552656,1700643052.8269606,True,66121728.0,1700643054.869527,1700643059.8744457,5.00491834,15.0,0.0,67284992.0,1700643059.8787975,5.06693673,1700643063.531275,0
1700643052.7535255,0.042067,10304,753,0.027962,0,0.072194,1700643063.0324168,1,1700643054.7883313,1700643052.8269606,True,66121728.0,1700643054.885376,1700643059.8864455,5.00106955,15.0,0.0,67469312.0,1700643059.8902483,5.07614112,1700643063.5331838,0
1700643052.7535255,0.042067,10304,753,0.027962,0,0.072194,1700643063.0775518,1,1700643055.0898507,1700643052.8269606,True,66129920.0,1700643054.8718565,1700643059.8744411,5.0025847,15.0,0.0,67407872.0,1700643059.8785532,5.06308675,1700643063.5334027,0
1700643052.7535255,0.042067,10304,753,0.027962,0,0.072194,1700643063.0525067,1,1700643054.8546827,1700643052.8269606,True,66129920.0,1700643054.888843,1700643059.890519,5.00167561,15.0,0.0,67473408.0,1700643059.8940194,5.07728052,1700643063.5338092,0
1700643052.7535255,0.042067,10304,753,0.027962,0,0.072194,1700643063.04783,1,1700643054.9373238,1700643052.8269606,True,66129920.0,1700643054.8858638,1700643059.8909185,5.00505471,15.0,0.0,67477504.0,1700643059.8949838,5.0763557,1700643063.5341473,0
1700643052.7535255,0.042067,10304,753,0.027962,0,0.072194,1700643063.0540397,1,1700643054.8764434,1700643052.8269606,True,66129920.0,1700643054.8844454,1700643059.8865166,5.00207114,15.0,0.0,67477504.0,1700643059.8906128,5.06963205,1700643063.534418,0
1700643052.7535255,0.042067,10304,753,0.027962,0,0.072194,1700643063.098181,1,1700643055.1753483,1700643052.8269606,True,66129920.0,1700643054.8847623,1700643059.8864453,5.001683,15.0,0.0,67477504.0,1700643059.889937,5.06728148,1700643063.534773,0
1700643052.7535255,0.042067,10304,753,0.027962,0,0.072194,1700643063.096544,1,1700643055.1673245,1700643052.8269606,True,66129920.0,1700643054.8868194,1700643059.8905115,5.00369215,15.0,0.0,67477504.0,1700643059.8943,5.0697155,1700643063.535643,0
1700643052.7535255,0.042067,10304,753,0.027962,0,0.072194,1700643063.0309944,1,1700643054.980608,1700643052.8269606,True,66129920.0,1700643054.887021,1700643059.8905134,5.00349236,15.0,0.0,67477504.0,1700643059.8948178,5.06776881,1700643063.5357945,0
1700643052.7535255,0.042067,10304,753,0.027962,0,0.072194,1700643063.077695,1,1700643055.0680592,1700643052.8269606,True,66129920.0,1700643054.899468,1700643059.9025226,5.00305462,15.0,0.0,67477504.0,1700643059.9062402,5.07681274,1700643063.5369146,0
1700643052.7535255,0.042067,10304,753,0.027962,0,0.072194,1700643063.0430272,1,1700643054.85572,1700643052.8269606,True,66138112.0,1700643054.8991597,1700643059.902444,5.00328445,15.0,0.0,67485696.0,1700643059.9056983,5.07335854,1700643063.5371375,0
1700643052.7535255,0.042067,10304,753,0.027962,0,0.072194,1700643063.0902295,1,1700643054.910254,1700643052.8269606,True,66146304.0,1700643054.795138,1700643059.798511,5.00337291,15.0,0.0,67084288.0,1700643059.8028183,5.07085538,1700643063.5384393,0
1700643052.7535255,0.042067,10304,753,0.027962,0,0.072194,1700643063.0832562,1,1700643054.6447666,1700643052.8269606,True,66146304.0,1700643054.8058946,1700643059.810439,5.0045445,15.0,0.0,67084288.0,1700643059.8133905,5.07953525,1700643063.5395408,0
1700643052.7535255,0.042067,10304,753,0.027962,0,0.072194,1700643063.0820832,1,1700643054.9232895,1700643052.8269606,True,66146304.0,1700643054.8063824,1700643059.8104477,5.00406504,15.0,0.0,67084288.0,1700643059.815008,5.07957745,1700643063.5390527,0
1700643052.7535255,0.042067,10304,753,0.027962,0,0.072194,1700643063.0812104,1,1700643055.1542284,1700643052.8269606,True,66146304.0,1700643054.7936275,1700643059.7985137,5.00488615,15.0,0.0,67084288.0,1700643059.8030896,5.0661509,1700643063.5427206,0
1700643052.7535255,0.042067,10304,753,0.027962,0,0.072194,1700643063.0945845,1,1700643054.8951373,1700643052.8269606,True,66150400.0,1700643054.8008676,1700643059.8024435,5.00157595,15.0,0.0,67186688.0,1700643059.8057082,5.06725597,1700643063.544742,0
1700643052.7535255,0.042067,10304,753,0.027962,0,0.072194,1700643063.050959,1,1700643054.853659,1700643052.8269606,True,66154496.0,1700643054.7987535,1700643059.802451,5.00369716,15.0,0.0,67092480.0,1700643059.8068829,5.06675076,1700643063.545642,0
1700643052.7535255,0.042067,10304,753,0.027962,0,0.072194,1700643063.0757432,1,1700643054.9630308,1700643052.8269606,True,66154496.0,1700643054.7968094,1700643059.7985122,5.00170279,15.0,0.0,67133440.0,1700643059.803088,5.06163883,1700643063.547711,0
1700643052.7535255,0.042067,10304,753,0.027962,0,0.072194,1700643063.0709558,1,1700643055.087874,1700643052.8269606,True,66154496.0,1700643054.805339,1700643059.806451,5.00111198,15.0,0.0,67092480.0,1700643059.810235,5.06716895,1700643063.5479977,0
1700643052.7535255,0.042067,10304,753,0.027962,0,0.072194,1700643063.080281,1,1700643054.6733446,1700643052.8269606,True,66154496.0,1700643054.8068635,1700643059.8104415,5.00357795,15.0,0.0,67092480.0,1700643059.8143568,5.06865144,1700643063.5489607,0
1700643052.7535255,0.042067,10304,753,0.027962,0,0.072194,1700643063.0892396,1,1700643054.815006,1700643052.8269606,True,66154496.0,1700643054.8096898,1700643059.8145597,5.00486994,15.0,0.0,67092480.0,1700643059.8171933,5.06979895,1700643063.551297,0
1700643052.7535255,0.042067,10304,753,0.027962,0,0.072194,1700643063.0864365,1,1700643055.0454292,1700643052.8269606,True,66154496.0,1700643054.8153226,1700643059.8184423,5.00311971,15.0,0.0,67092480.0,1700643059.8219936,5.07218432,1700643063.55309,0
1700643052.7535255,0.042067,10304,753,0.027962,0,0.072194,1700643063.08557,1,1700643055.1903293,1700643052.8269606,True,66154496.0,1700643054.815454,1700643059.8184435,5.00298953,15.0,0.0,67092480.0,1700643059.821769,5.06945848,1700643063.5543716,0
1700643052.7535255,0.042067,10304,753,0.027962,0,0.072194,1700643063.0785527,1,1700643054.6214652,1700643052.8269606,True,66125824.0,1700643054.6013029,1700643059.6064456,5.00514269,15.0,0.0,67223552.0,1700643059.609794,5.10849094,1700643063.5555344,0
1700643052.7535255,0.042067,10304,753,0.027962,0,0.072194,1700643063.0847526,1,1700643054.7805371,1700643052.8269606,True,66125824.0,1700643054.5901206,1700643059.5939791,5.00385857,15.0,0.0,67227648.0,1700643059.5982876,5.09399247,1700643063.5551343,0
1700643052.7535255,0.042067,10304,753,0.027962,0,0.072194,1700643063.0873165,1,1700643054.6892347,1700643052.8269606,True,66125824.0,1700643054.611566,1700643059.6139994,5.0024333,15.0,0.0,67223552.0,1700643059.6173146,5.09394717,1700643063.5559428,0
1700643052.7535255,0.042067,10304,753,0.027962,0,0.072194,1700643063.1194887,1,1700643054.5013871,1700643052.8269606,True,66134016.0,1700643054.6235394,1700643059.6258943,5.0023551,15.0,0.0,67297280.0,1700643059.629794,5.09634781,1700643063.557822,0
1700643052.7535255,0.042067,10304,753,0.027962,0,0.072194,1700643063.079419,1,1700643054.52406,1700643052.8269606,True,66134016.0,1700643054.635339,1700643059.638034,5.00269508,15.0,0.0,67231744.0,1700643059.641423,5.10768819,1700643063.55945,0
1700643052.7535255,0.042067,10304,753,0.027962,0,0.072194,1700643063.0991828,1,1700643054.9436815,1700643052.8269606,True,66129920.0,1700643054.617786,1700643059.622904,5.00511813,15.0,0.0,67231744.0,1700643059.625918,5.08935189,1700643063.5581913,0
1700643052.7535255,0.042067,10304,753,0.027962,0,0.072194,1700643063.0751412,1,1700643054.7745574,1700643052.8269606,True,66134016.0,1700643054.6192377,1700643059.6243005,5.00506282,15.0,0.0,67231744.0,1700643059.628116,5.07985449,1700643063.5589204,0
1700643052.7535255,0.042067,10304,753,0.027962,0,0.072194,1700643063.093209,1,1700643055.0056114,1700643052.8269606,True,66134016.0,1700643054.6564126,1700643059.6614664,5.00505376,15.0,0.0,67235840.0,1700643059.6644208,5.08828473,1700643063.5614464,0
1700643052.7535255,0.042067,10304,753,0.027962,0,0.072194,1700643063.102467,1,1700643054.4943047,1700643052.8269606,True,66134016.0,1700643054.638195,1700643059.6433506,5.00515556,15.0,0.0,67231744.0,1700643059.646619,5.06959605,1700643063.5616992,0
1700643052.7535255,0.042067,10304,753,0.027962,0,0.072194,1700643063.0921214,1,1700643054.6899946,1700643052.8269606,True,66138112.0,1700643054.63757,1700643059.6419735,5.00440383,15.0,0.0,67235840.0,1700643059.6446917,5.06654,1700643063.564672,0
1700643052.7535255,0.042067,10304,753,0.027962,0,0.072194,1700643063.084226,1,1700643054.515635,1700643052.8269606,True,66142208.0,1700643054.644349,1700643059.64598,5.00163078,15.0,0.0,67239936.0,1700643059.6490602,5.07043028,1700643063.5634165,0
1700643052.7535255,0.042067,10304,753,0.027962,0,0.072194,1700643063.0954902,1,1700643054.9895577,1700643052.8269606,True,66138112.0,1700643054.6403804,1700643059.6454408,5.00506043,15.0,0.0,67239936.0,1700643059.6483667,5.06975055,1700643063.5654287,0
1700643052.7535255,0.042067,10304,753,0.027962,0,0.072194,1700643063.0912073,1,1700643055.0165622,1700643052.8269606,True,66191360.0,1700643054.7913816,1700643059.7938955,5.00251412,15.0,0.0,67231744.0,1700643059.7975445,5.11520839,1700643063.5665967,0
1700643052.7535255,0.042067,10304,753,0.027962,0,0.072194,1700643063.1013386,1,1700643055.0751576,1700643052.8269606,True,66191360.0,1700643054.762034,1700643059.76602,5.00398612,15.0,0.0,67227648.0,1700643059.7700803,5.08611798,1700643063.5664065,0
1700643052.7535255,0.042067,10304,753,0.027962,0,0.072194,1700643063.1095965,1,1700643054.9342952,1700643052.8269606,True,66191360.0,1700643054.772159,1700643059.773891,5.00173163,15.0,0.0,67297280.0,1700643059.777587,5.09083414,1700643063.5671165,0
1700643052.7535255,0.042067,10304,753,0.027962,0,0.072194,1700643063.0990107,1,1700643055.0923433,1700643052.8269606,True,66199552.0,1700643054.756471,1700643059.757963,5.00149226,15.0,0.0,67235840.0,1700643059.7616842,5.07389975,1700643063.5673578,0
1700643052.7535255,0.042067,10304,753,0.027962,0,0.072194,1700643063.13449,1,1700643054.6908002,1700643052.8269606,True,66199552.0,1700643054.7735317,1700643059.7779553,5.00442362,15.0,0.0,67420160.0,1700643059.781672,5.09236407,1700643063.5675364,0
1700643052.7535255,0.042067,10304,753,0.027962,0,0.072194,1700643063.1412537,1,1700643054.5945232,1700643052.8269606,True,66195456.0,1700643054.7524366,1700643059.7575543,5.00511765,15.0,0.0,67264512.0,1700643059.7613294,5.06923318,1700643063.5683205,0
1700643052.7535255,0.042067,10304,753,0.027962,0,0.072194,1700643063.1478868,1,1700643054.6411107,1700643052.8269606,True,66199552.0,1700643054.7556372,1700643059.760693,5.0050559,15.0,0.0,67239936.0,1700643059.7636185,5.07019186,1700643063.5680528,0
1700643052.7535255,0.042067,10304,753,0.027962,0,0.072194,1700643063.182765,1,1700643054.7624657,1700643052.8269606,True,66199552.0,1700643054.758234,1700643059.763348,5.00511384,15.0,0.0,67235840.0,1700643059.766269,5.07106256,1700643063.5684974,0
1700643052.7535255,0.042067,10304,753,0.027962,0,0.072194,1700643063.1463473,1,1700643055.0107028,1700643052.8269606,True,66199552.0,1700643054.7629917,1700643059.766026,5.00303435,15.0,0.0,67268608.0,1700643059.7697492,5.07161999,1700643063.5689766,0
1700643052.7535255,0.042067,10304,753,0.027962,0,0.072194,1700643063.1701446,1,1700643054.7582784,1700643052.8269606,True,66199552.0,1700643054.7633908,1700643059.768459,5.00506854,15.0,0.0,67235840.0,1700643059.771343,5.07016444,1700643063.568725,0
1700643052.7535255,0.042067,10304,753,0.027962,0,0.072194,1700643063.25482,1,1700643054.967337,1700643052.8269606,True,66199552.0,1700643054.7634475,1700643059.7659457,5.00249815,15.0,0.0,67305472.0,1700643059.7695584,5.06568003,1700643063.5692518,0
1700643052.7535255,0.042067,10304,753,0.027962,0,0.072194,1700643063.1538,1,1700643054.6320245,1700643052.8269606,True,66203648.0,1700643054.7700822,1700643059.7738862,5.00380397,15.0,0.0,67239936.0,1700643059.7773566,5.07047319,1700643063.5702066,0
1700643052.7535255,0.042067,10304,753,0.027962,0,0.072194,1700643063.1604178,1,1700643055.1228032,1700643052.8269606,True,66121728.0,1700643054.7459466,1700643059.749988,5.00404143,15.0,0.0,67162112.0,1700643059.7536707,5.07223392,1700643063.5704668,0
1700643052.7535255,0.042067,10304,753,0.027962,0,0.072194,1700643063.156397,1,1700643054.8057702,1700643052.8269606,True,66121728.0,1700643054.752836,1700643059.75799,5.00515413,15.0,0.0,67162112.0,1700643059.7617311,5.07857871,1700643063.5707133,0
1700643052.7535255,0.042067,10304,753,0.027962,0,0.072194,1700643063.1653547,1,1700643054.8683107,1700643052.8269606,True,66125824.0,1700643054.748375,1700643059.7534957,5.00512075,15.0,0.0,67170304.0,1700643059.7565527,5.07160735,1700643063.571241,0
1700643052.7535255,0.042067,10304,753,0.027962,0,0.072194,1700643063.178553,1,1700643054.9521327,1700643052.8269606,True,66129920.0,1700643054.7693658,1700643059.773886,5.00452018,15.0,0.0,67166208.0,1700643059.7776554,5.09074545,1700643063.5717206,0
1700643052.7535255,0.042067,10304,753,0.027962,0,0.072194,1700643063.1632144,1,1700643055.065282,1700643052.8269606,True,66129920.0,1700643054.7560906,1700643059.7578866,5.00179601,15.0,0.0,67170304.0,1700643059.761431,5.07228804,1700643063.5724893,0
1700643052.7535255,0.042067,10304,753,0.027962,0,0.072194,1700643063.1723063,1,1700643054.6460497,1700643052.8269606,True,66125824.0,1700643054.7570455,1700643059.762103,5.00505757,15.0,0.0,67166208.0,1700643059.7650976,5.07336521,1700643063.57275,0
1700643052.7535255,0.042067,10304,753,0.027962,0,0.072194,1700643063.1806672,1,1700643054.739009,1700643052.8269606,True,66129920.0,1700643054.7625854,1700643059.7677047,5.00511932,15.0,0.0,67170304.0,1700643059.7707734,5.07552147,1700643063.5736668,0
1700643052.7535255,0.042067,10304,753,0.027962,0,0.072194,1700643063.187505,1,1700643054.799092,1700643052.8269606,True,66129920.0,1700643054.764222,1700643059.769283,5.00506115,15.0,0.0,67170304.0,1700643059.7733607,5.07488871,1700643063.57311,0
1700643052.7535255,0.042067,10304,753,0.027962,0,0.072194,1700643063.2077365,1,1700643054.6806266,1700643052.8269606,True,66129920.0,1700643054.7693582,1700643059.7738862,5.00452805,15.0,0.0,67170304.0,1700643059.7785945,5.07706141,1700643063.5738394,0
1700643052.7535255,0.042067,10304,753,0.027962,0,0.072194,1700643063.1676545,1,1700643054.7681446,1700643052.8269606,True,66129920.0,1700643054.7724483,1700643059.7738864,5.0014379,15.0,0.0,67170304.0,1700643059.7773535,5.07328415,1700643063.5740266,0
1700643052.7535255,0.042067,10304,753,0.027962,0,0.072194,1700643063.1995533,1,1700643055.108211,1700643052.8269606,True,66134016.0,1700643054.768064,1700643059.7698908,5.00182676,15.0,0.0,67178496.0,1700643059.7734056,5.06694841,1700643063.575312,0
1700643052.7535255,0.042067,10304,753,0.027962,0,0.072194,1700643063.1913865,1,1700643054.852951,1700643052.8269606,True,66134016.0,1700643054.776034,1700643059.7779553,5.00192118,15.0,0.0,67174400.0,1700643059.78171,5.07270861,1700643063.574654,0
1700643052.7535255,0.042067,10304,753,0.027962,0,0.072194,1700643063.2251549,1,1700643054.8461478,1700643052.8269606,True,66187264.0,1700643054.8784878,1700643059.8819957,5.00350785,15.0,0.0,67182592.0,1700643059.8857234,5.06779218,1700643063.5760944,0
1700643052.7535255,0.042067,10304,753,0.027962,0,0.072194,1700643063.1743646,1,1700643055.0680957,1700643052.8269606,True,66187264.0,1700643054.8877714,1700643059.8898945,5.00212312,15.0,0.0,67117056.0,1700643059.8945165,5.0746603,1700643063.5750103,0
1700643052.7535255,0.042067,10304,753,0.027962,0,0.072194,1700643063.194339,1,1700643055.0354924,1700643052.8269606,True,66187264.0,1700643054.8826635,1700643059.8858922,5.00322843,15.0,0.0,67244032.0,1700643059.890123,5.06912017,1700643063.5775545,0
1700643052.7535255,0.042067,10304,753,0.027962,0,0.072194,1700643063.2147071,1,1700643055.003871,1700643052.8269606,True,66195456.0,1700643054.889502,1700643059.893895,5.00439262,15.0,0.0,67186688.0,1700643059.8970969,5.07456112,1700643063.577248,0
1700643052.7535255,0.042067,10304,753,0.027962,0,0.072194,1700643063.2481573,1,1700643055.130674,1700643052.8269606,True,66195456.0,1700643054.8835597,1700643059.8858917,5.00233197,15.0,0.0,67284992.0,1700643059.8904784,5.06650305,1700643063.578313,0
1700643052.7535255,0.042067,10304,753,0.027962,0,0.072194,1700643063.18497,1,1700643055.2884884,1700643052.8269606,True,66191360.0,1700643054.884158,1700643059.8859594,5.00180149,15.0,0.0,67223552.0,1700643059.891045,5.0655117,1700643063.578772,0
1700643052.7535255,0.042067,10304,753,0.027962,0,0.072194,1700643063.2169669,1,1700643055.0178292,1700643052.8269606,True,66195456.0,1700643054.8827894,1700643059.8859625,5.00317311,15.0,0.0,67223552.0,1700643059.890581,5.06348968,1700643063.5809376,0
1700643052.7535255,0.042067,10304,753,0.027962,0,0.072194,1700643063.2199106,1,1700643054.8895812,1700643052.8269606,True,66195456.0,1700643054.8886864,1700643059.889892,5.00120544,15.0,0.0,67190784.0,1700643059.893376,5.06470847,1700643063.5813518,0
1700643052.7535255,0.042067,10304,753,0.027962,0,0.072194,1700643063.2715497,1,1700643055.130549,1700643052.8269606,True,66195456.0,1700643054.8864906,1700643059.8898962,5.00340557,15.0,0.0,67227648.0,1700643059.8936124,5.06326032,1700643063.5815015,0
1700643052.7535255,0.042067,10304,753,0.027962,0,0.072194,1700643063.2122738,1,1700643054.7936425,1700643052.8269606,True,66195456.0,1700643054.9007816,1700643059.9018967,5.00111508,15.0,0.0,67190784.0,1700643059.9054875,5.07343102,1700643063.5820105,0
1700643052.7535255,0.042067,10304,753,0.027962,0,0.072194,1700643063.1960416,1,1700643055.188653,1700643052.8269606,True,66195456.0,1700643054.8924067,1700643059.8939526,5.00154591,15.0,0.0,67256320.0,1700643059.897398,5.06307149,1700643063.582625,0
1700643052.7535255,0.042067,10304,753,0.027962,0,0.072194,1700643063.2584496,1,1700643055.2225611,1700643052.8269606,True,66199552.0,1700643054.9000905,1700643059.901904,5.00181341,15.0,0.0,67194880.0,1700643059.9052482,5.06921005,1700643063.582366,0
1700643052.7535255,0.042067,10304,753,0.027962,0,0.072194,1700643063.2100153,1,1700643055.0387943,1700643052.8269606,True,66093056.0,1700643054.918039,1700643059.9217136,5.00367427,15.0,0.0,67215360.0,1700643059.9253204,5.07017136,1700643063.5833862,0
1700643052.7535255,0.042067,10304,753,0.027962,0,0.072194,1700643063.204929,1,1700643055.0504837,1700643052.8269606,True,66093056.0,1700643054.9235363,1700643059.925712,5.00217557,15.0,0.0,67211264.0,1700643059.929325,5.07233834,1700643063.5836234,0
1700643052.7535255,0.042067,10304,753,0.027962,0,0.072194,1700643063.2310128,1,1700643055.311819,1700643052.8269606,True,66097152.0,1700643054.924038,1700643059.9257083,5.0016706,15.0,0.0,67284992.0,1700643059.9297442,5.07103419,1700643063.5841782,0
1700643052.7535255,0.042067,10304,753,0.027962,0,0.072194,1700643063.2212963,1,1700643054.9804904,1700643052.8269606,True,66101248.0,1700643054.9242463,1700643059.9257944,5.00154781,15.0,0.0,67244032.0,1700643059.9298663,5.0696137,1700643063.584771,0
1700643052.7535255,0.042067,10304,753,0.027962,0,0.072194,1700643063.283795,1,1700643055.208535,1700643052.8269606,True,66101248.0,1700643054.938639,1700643059.9417171,5.00307822,15.0,0.0,67338240.0,1700643059.945516,5.08379412,1700643063.585119,0
1700643052.7535255,0.042067,10304,753,0.027962,0,0.072194,1700643063.2237732,1,1700643055.1416435,1700643052.8269606,True,66097152.0,1700643054.9253674,1700643059.9297152,5.0043478,15.0,0.0,67215360.0,1700643059.9326203,5.06799126,1700643063.5863276,0
1700643052.7535255,0.042067,10304,753,0.027962,0,0.072194,1700643063.2425184,1,1700643054.8305645,1700643052.8269606,True,66101248.0,1700643054.9391615,1700643059.941713,5.00255156,15.0,0.0,67219456.0,1700643059.945083,5.07875443,1700643063.5886075,0
1700643052.7535255,0.042067,10304,753,0.027962,0,0.072194,1700643063.2401206,1,1700643055.2058313,1700643052.8269606,True,66101248.0,1700643054.936385,1700643059.9377084,5.00132346,15.0,0.0,67219456.0,1700643059.9411144,5.07245183,1700643063.5908694,0
1700643052.7535255,0.042067,10304,753,0.027962,0,0.072194,1700643063.227699,1,1700643054.9643023,1700643052.8269606,True,66101248.0,1700643054.9435935,1700643059.9457088,5.00211501,15.0,0.0,67223552.0,1700643059.9493222,5.07790208,1700643063.5918388,0
1700643052.7535255,0.042067,10304,753,0.027962,0,0.072194,1700643063.2364824,1,1700643055.0322258,1700643052.8269606,True,66101248.0,1700643054.93517,1700643059.9377053,5.00253534,15.0,0.0,67219456.0,1700643059.9413846,5.06645536,1700643063.5927782,0
1700643052.7535255,0.042067,10304,753,0.027962,0,0.072194,1700643063.2729468,1,1700643055.0046163,1700643052.8269606,True,66105344.0,1700643054.949535,1700643059.953712,5.00417709,15.0,0.0,67252224.0,1700643059.9566536,5.07898521,1700643063.5967312,0
1700643052.7535255,0.042067,10304,753,0.027962,0,0.072194,1700643063.2621267,1,1700643054.8611002,1700643052.8269606,True,66105344.0,1700643054.9528024,1700643059.9577088,5.00490642,15.0,0.0,67223552.0,1700643059.9621463,5.08126521,1700643063.5950005,0
1700643052.7535255,0.042067,10304,753,0.027962,0,0.072194,1700643063.2327032,1,1700643054.5340009,1700643052.8269606,True,66125824.0,1700643054.4703352,1700643059.4737856,5.00345039,15.0,0.0,67223552.0,1700643059.476573,5.08583164,1700643063.5972142,0
1700643052.7535255,0.042067,10304,753,0.027962,0,0.072194,1700643063.2701662,1,1700643054.5447116,1700643052.8269606,True,66125824.0,1700643054.456525,1700643059.461668,5.00514293,15.0,0.0,67223552.0,1700643059.4658778,5.07160759,1700643063.5982468,0
1700643052.7535255,0.042067,10304,753,0.027962,0,0.072194,1700643063.286755,1,1700643054.8732626,1700643052.8269606,True,66125824.0,1700643054.4720318,1700643059.4770916,5.00505972,15.0,0.0,67223552.0,1700643059.480101,5.08461499,1700643063.5989666,0
1700643052.7535255,0.042067,10304,753,0.027962,0,0.072194,1700643063.2438374,1,1700643054.7168057,1700643052.8269606,True,66129920.0,1700643054.4579997,1700643059.4631166,5.00511694,15.0,0.0,67227648.0,1700643059.4666808,5.07013845,1700643063.5990984,0
1700643052.7535255,0.042067,10304,753,0.027962,0,0.072194,1700643063.2751038,1,1700643054.3688312,1700643052.8269606,True,66134016.0,1700643054.4634736,1700643059.468532,5.00505853,15.0,0.0,67227648.0,1700643059.471793,5.07267594,1700643063.5997603,0
1700643052.7535255,0.042067,10304,753,0.027962,0,0.072194,1700643063.252021,1,1700643054.7644172,1700643052.8269606,True,66134016.0,1700643054.4956195,1700643059.5006802,5.00506067,15.0,0.0,67231744.0,1700643059.5040832,5.10429621,1700643063.59938,0
1700643052.7535255,0.042067,10304,753,0.027962,0,0.072194,1700643063.2948153,1,1700643054.4509184,1700643052.8269606,True,66134016.0,1700643054.4815772,1700643059.486695,5.00511789,15.0,0.0,67231744.0,1700643059.4897454,5.08725381,1700643063.6003375,0
1700643052.7535255,0.042067,10304,753,0.027962,0,0.072194,1700643063.291428,1,1700643054.5023742,1700643052.8269606,True,66134016.0,1700643054.4813926,1700643059.4857066,5.00431395,15.0,0.0,67231744.0,1700643059.4885366,5.0853405,1700643063.6006274,0
1700643052.7535255,0.042067,10304,753,0.027962,0,0.072194,1700643063.260815,1,1700643054.7599223,1700643052.8269606,True,66134016.0,1700643054.4786484,1700643059.483714,5.00506544,15.0,0.0,67231744.0,1700643059.4867227,5.08138919,1700643063.6004856,0
1700643052.7535255,0.042067,10304,753,0.027962,0,0.072194,1700643063.2657013,1,1700643054.4141905,1700643052.8269606,True,66138112.0,1700643054.4987395,1700643059.5017102,5.00297046,15.0,0.0,67235840.0,1700643059.504705,5.09789872,1700643063.6001997,0
1700643052.7535255,0.042067,10304,753,0.027962,0,0.072194,1700643063.2966294,1,1700643054.4975626,1700643052.8269606,True,66138112.0,1700643054.4878488,1700643059.4914489,5.00360012,15.0,0.0,67235840.0,1700643059.4941838,5.08602333,1700643063.6008515,0
1700643052.7535255,0.042067,10304,753,0.027962,0,0.072194,1700643063.306258,1,1700643054.9009502,1700643052.8269606,True,66142208.0,1700643054.4738965,1700643059.4789534,5.0050571,15.0,0.0,67239936.0,1700643059.482004,5.07199502,1700643063.6018877,0
1700643052.7535255,0.042067,10304,753,0.027962,0,0.072194,1700643063.2796254,1,1700643055.1022303,1700643052.8269606,True,66224128.0,1700643054.924667,1700643059.9297109,5.00504398,15.0,0.0,67158016.0,1700643059.9327514,5.07533503,1700643063.601693,0
1700643052.7535255,0.042067,10304,753,0.027962,0,0.072194,1700643063.288725,1,1700643054.9825978,1700643052.8269606,True,66224128.0,1700643054.9333,1700643059.9377065,5.00440645,15.0,0.0,67092480.0,1700643059.9405606,5.08135748,1700643063.602294,0
1700643052.7535255,0.042067,10304,753,0.027962,0,0.072194,1700643063.2905023,1,1700643055.1475117,1700643052.8269606,True,66224128.0,1700643054.9211369,1700643059.925711,5.00457382,15.0,0.0,67158016.0,1700643059.9291315,5.06797862,1700643063.6027126,0
1700643052.7535255,0.042067,10304,753,0.027962,0,0.072194,1700643063.2688158,1,1700643054.8756034,1700643052.8269606,True,66228224.0,1700643054.9339657,1700643059.9386468,5.00468111,15.0,0.0,67162112.0,1700643059.94164,5.07852054,1700643063.6029787,0
1700643052.7535255,0.042067,10304,753,0.027962,0,0.072194,1700643063.2817178,1,1700643055.326352,1700643052.8269606,True,66232320.0,1700643054.9291017,1700643059.9337158,5.00461435,15.0,0.0,67194880.0,1700643059.9367716,5.07263422,1700643063.6032488,0
1700643052.7535255,0.042067,10304,753,0.027962,0,0.072194,1700643063.293933,1,1700643055.0375893,1700643052.8269606,True,66228224.0,1700643054.9292212,1700643059.9342735,5.00505233,15.0,0.0,67162112.0,1700643059.9378538,5.07041311,1700643063.6034,0
1700643052.7535255,0.042067,10304,753,0.027962,0,0.072194,1700643063.2937322,1,1700643055.353147,1700643052.8269606,True,66232320.0,1700643054.9384882,1700643059.9417336,5.00324535,15.0,0.0,67166208.0,1700643059.9467354,5.07764721,1700643063.603547,0
1700643052.7535255,0.042067,10304,753,0.027962,0,0.072194,1700643063.2915468,1,1700643055.3339684,1700643052.8269606,True,66232320.0,1700643054.9372327,1700643059.94171,5.00447726,15.0,0.0,67166208.0,1700643059.946598,5.07402325,1700643063.6038237,0
1700643052.7535255,0.042067,10304,753,0.027962,0,0.072194,1700643063.2964995,1,1700643054.9394112,1700643052.8269606,True,66232320.0,1700643054.94073,1700643059.9457097,5.00497961,15.0,0.0,67194880.0,1700643059.948418,5.0730927,1700643063.6039622,0
1700643052.7535255,0.042067,10304,753,0.027962,0,0.072194,1700643063.296781,1,1700643055.0892394,1700643052.8269606,True,66232320.0,1700643054.9393368,1700643059.94171,5.00237322,15.0,0.0,67166208.0,1700643059.946408,5.06867385,1700643063.6042466,0
1700643052.7535255,0.042067,10304,753,0.027962,0,0.072194,1700643063.2956572,1,1700643055.3317235,1700643052.8269606,True,66232320.0,1700643054.9376228,1700643059.9417162,5.00409341,15.0,0.0,67198976.0,1700643059.9449923,5.06505919,1700643063.6040978,0
1700643052.7535255,0.042067,10304,753,0.027962,0,0.072194,1700643063.2868862,1,1700643055.2399368,1700643052.8269606,True,66236416.0,1700643054.939436,1700643059.9417183,5.00228238,15.0,0.0,67104768.0,1700643059.9470575,5.06470919,1700643063.604549,0
1700643052.7535255,0.042067,10304,753,0.027962,0,0.072194,1700643063.2924204,1,1700643054.8025014,1700643052.8269606,True,66289664.0,1700643054.7122033,1700643059.713713,5.00150967,15.0,0.0,67645440.0,1700643059.7171469,5.06178665,1700643063.604729,0
1700643052.7535255,0.042067,10304,753,0.027962,0,0.072194,1700643063.2896547,1,1700643054.7938685,1700643052.8269606,True,66289664.0,1700643054.7254026,1700643059.7297833,5.0043807,15.0,0.0,67645440.0,1700643059.734459,5.07777023,1700643063.60542,0
1700643052.7535255,0.042067,10304,753,0.027962,0,0.072194,1700643063.3009827,1,1700643055.12702,1700643052.8269606,True,66289664.0,1700643054.7263775,1700643059.7297132,5.00333548,15.0,0.0,67641344.0,1700643059.7340417,5.0760591,1700643063.6052785,0
1700643052.7535255,0.042067,10304,753,0.027962,0,0.072194,1700643063.307382,1,1700643055.1450915,1700643052.8269606,True,66289664.0,1700643054.718679,1700643059.7217836,5.00310469,15.0,0.0,67645440.0,1700643059.725478,5.06564546,1700643063.6051457,0
1700643052.7535255,0.042067,10304,753,0.027962,0,0.072194,1700643063.2999372,1,1700643055.0398624,1700643052.8269606,True,66297856.0,1700643054.7192743,1700643059.7217753,5.00250077,15.0,0.0,67252224.0,1700643059.7251906,5.06403255,1700643063.605546,0
1700643052.7535255,0.042067,10304,753,0.027962,0,0.072194,1700643063.2989,1,1700643055.1394925,1700643052.8269606,True,66297856.0,1700643054.726822,1700643059.7297068,5.00288463,15.0,0.0,67653632.0,1700643059.7343524,5.07108402,1700643063.6056669,0
1700643052.7535255,0.042067,10304,753,0.027962,0,0.072194,1700643063.2979207,1,1700643054.6237843,1700643052.8269606,True,66297856.0,1700643054.742901,1700643059.745708,5.0028069,15.0,0.0,67256320.0,1700643059.7484937,5.08355904,1700643063.60599,0
1700643052.7535255,0.042067,10304,753,0.027962,0,0.072194,1700643063.3075025,1,1700643055.0513835,1700643052.8269606,True,66297856.0,1700643054.730563,1700643059.7356772,5.00511432,15.0,0.0,67588096.0,1700643059.738466,5.07179737,1700643063.6058736,0
1700643052.7535255,0.042067,10304,753,0.027962,0,0.072194,1700643063.307254,1,1700643054.590426,1700643052.8269606,True,66297856.0,1700643054.728171,1700643059.7297077,5.00153637,15.0,0.0,67633152.0,1700643059.7336078,5.06587863,1700643063.606116,0
1700643052.7535255,0.042067,10304,753,0.027962,0,0.072194,1700643063.3035383,1,1700643054.6181226,1700643052.8269606,True,66301952.0,1700643054.732441,1700643059.7337072,5.00126624,15.0,0.0,67657728.0,1700643059.7366805,5.0663588,1700643063.6063375,0
1700643052.7535255,0.042067,10304,753,0.027962,0,0.072194,1700643063.3043826,1,1700643054.5958173,1700643052.8269606,True,66301952.0,1700643054.7660758,1700643059.7697136,5.00363779,15.0,0.0,67260416.0,1700643059.7725775,5.10054159,1700643063.6066496,0
1700643052.7535255,0.042067,10304,753,0.027962,0,0.072194,1700643063.3026986,1,1700643055.1390514,1700643052.8269606,True,66301952.0,1700643054.7474246,1700643059.749704,5.00227952,15.0,0.0,67657728.0,1700643059.752519,5.07917428,1700643063.606914,0
1700643052.7535255,0.042067,10304,753,0.027962,0,0.072194,1700643061.5028143,1,1700643054.4162776,1700643052.8269606,True,66220032.0,1700643054.5412776,1700643059.5463426,5.00506496,5.0,0.0,67088384.0,1700643059.5500748,5.07755876,1700643062.190787,0
1700643052.7535255,0.042067,10304,753,0.027962,0,0.072194,1700643061.7880306,1,1700643054.5540483,1700643052.8269606,True,66220032.0,1700643054.5675404,1700643059.5726042,5.00506377,5.0,0.0,67088384.0,1700643059.575829,5.08617687,1700643062.1991837,0
1700643052.7535255,0.042067,10304,753,0.027962,0,0.072194,1700643061.807408,1,1700643054.4627867,1700643052.8269606,True,66220032.0,1700643054.5706606,1700643059.574461,5.00380039,5.0,0.0,67088384.0,1700643059.577591,5.08720446,1700643062.200521,0
1700643052.7535255,0.042067,10304,753,0.027962,0,0.072194,1700643062.0330515,1,1700643054.9070568,1700643052.8269606,True,66228224.0,1700643054.566575,1700643059.5716329,5.00505781,5.0,0.0,67092480.0,1700643059.5750172,5.0820775,1700643062.6646686,0
1700643052.7535255,0.042067,10304,753,0.027962,0,0.072194,1700643062.0418596,1,1700643054.8671641,1700643052.8269606,True,66220032.0,1700643054.554707,1700643059.5597675,5.00506043,5.0,0.0,67088384.0,1700643059.5631654,5.06472468,1700643062.6639514,0
1700643052.7535255,0.042067,10304,753,0.027962,0,0.072194,1700643062.028994,1,1700643054.8642745,1700643052.8269606,True,66228224.0,1700643054.598224,1700643059.6032856,5.00506163,5.0,0.0,67096576.0,1700643059.6064646,5.09931254,1700643062.6898994,0
1700643052.7535255,0.042067,10304,753,0.027962,0,0.072194,1700643062.0419917,1,1700643054.4186668,1700643052.8269606,True,66224128.0,1700643054.5721118,1700643059.5771775,5.00506568,5.0,0.0,67092480.0,1700643059.5811548,5.07256174,1700643062.6630318,0
1700643052.7535255,0.042067,10304,753,0.027962,0,0.072194,1700643061.5179553,1,1700643054.7525916,1700643052.8269606,True,66228224.0,1700643054.576826,1700643059.578463,5.00163698,5.0,0.0,67096576.0,1700643059.5815372,5.07282114,1700643062.2008655,0
1700643052.7535255,0.042067,10304,753,0.027962,0,0.072194,1700643061.54478,1,1700643054.7034614,1700643052.8269606,True,66228224.0,1700643054.577569,1700643059.5824668,5.00489783,5.0,0.0,67096576.0,1700643059.5853794,5.0760951,1700643062.2012029,0
1700643052.7535255,0.042067,10304,753,0.027962,0,0.072194,1700643062.0430868,1,1700643054.571348,1700643052.8269606,True,66232320.0,1700643054.572782,1700643059.5778403,5.00505829,5.0,0.0,67100672.0,1700643059.5811825,5.07168317,1700643062.6677537,0
1700643052.7535255,0.042067,10304,753,0.027962,0,0.072194,1700643062.0387983,1,1700643054.4144022,1700643052.8269606,True,66228224.0,1700643054.5714028,1700643059.5764656,5.00506282,5.0,0.0,67096576.0,1700643059.579542,5.06969857,1700643062.714802,0
1700643052.7535255,0.042067,10304,753,0.027962,0,0.072194,1700643061.5623994,1,1700643054.8665543,1700643052.8269606,True,66228224.0,1700643054.5646706,1700643059.5697303,5.00505996,5.0,0.0,67096576.0,1700643059.573124,5.06314564,1700643062.2211907,0
1700643052.7535255,0.042067,10304,753,0.027962,0,0.072194,1700643061.5870352,1,1700643054.9457588,1700643052.8269606,True,66191360.0,1700643054.749581,1700643059.7544632,5.00488186,5.0,0.0,67538944.0,1700643059.7580822,5.06919456,1700643062.22349,0
1700643052.7535255,0.042067,10304,753,0.027962,0,0.072194,1700643062.154415,1,1700643054.9401493,1700643052.8269606,True,66191360.0,1700643054.7428944,1700643059.7464693,5.00357485,5.0,0.0,67538944.0,1700643059.7501214,5.05919242,1700643062.839503,0
1700643052.7535255,0.042067,10304,753,0.027962,0,0.072194,1700643061.6041737,1,1700643054.8007977,1700643052.8269606,True,66191360.0,1700643054.746917,1700643059.7504616,5.00354457,5.0,0.0,67538944.0,1700643059.7538855,5.06124234,1700643062.223901,0
1700643052.7535255,0.042067,10304,753,0.027962,0,0.072194,1700643061.625781,1,1700643055.1479383,1700643052.8269606,True,66195456.0,1700643054.7628143,1700643059.7665408,5.00372624,5.0,0.0,67543040.0,1700643059.7708976,5.07701778,1700643062.2272294,0
1700643052.7535255,0.042067,10304,753,0.027962,0,0.072194,1700643062.220272,1,1700643055.033192,1700643052.8269606,True,66199552.0,1700643054.7693536,1700643059.7711265,5.00177288,5.0,0.0,67166208.0,1700643059.7745235,5.07940674,1700643062.7284305,0
1700643052.7535255,0.042067,10304,753,0.027962,0,0.072194,1700643061.6459458,1,1700643054.9140382,1700643052.8269606,True,66199552.0,1700643054.7679403,1700643059.7704744,5.00253391,5.0,0.0,67170304.0,1700643059.7745004,5.07648897,1700643062.2298322,0
1700643052.7535255,0.042067,10304,753,0.027962,0,0.072194,1700643062.2424371,1,1700643055.0757673,1700643052.8269606,True,66199552.0,1700643054.761989,1700643059.7664654,5.00447631,5.0,0.0,67547136.0,1700643059.7707014,5.07064819,1700643062.7903802,0
1700643052.7535255,0.042067,10304,753,0.027962,0,0.072194,1700643062.2468617,1,1700643054.8282099,1700643052.8269606,True,66199552.0,1700643054.7812932,1700643059.7824566,5.00116348,5.0,0.0,67547136.0,1700643059.7857778,5.08560324,1700643062.8241906,0
1700643052.7535255,0.042067,10304,753,0.027962,0,0.072194,1700643062.2226005,1,1700643055.173249,1700643052.8269606,True,66199552.0,1700643054.7647002,1700643059.7664683,5.00176811,5.0,0.0,67170304.0,1700643059.7713523,5.06918621,1700643062.8380384,0
1700643052.7535255,0.042067,10304,753,0.027962,0,0.072194,1700643061.6778193,1,1700643054.6807687,1700643052.8269606,True,66199552.0,1700643054.7655,1700643059.770471,5.00497127,5.0,0.0,67547136.0,1700643059.7740982,5.07061958,1700643062.229524,0
1700643052.7535255,0.042067,10304,753,0.027962,0,0.072194,1700643062.215947,1,1700643055.1718602,1700643052.8269606,True,66203648.0,1700643054.771828,1700643059.774464,5.00263596,5.0,0.0,67174400.0,1700643059.7774625,5.0719347,1700643062.841554,0
1700643052.7535255,0.042067,10304,753,0.027962,0,0.072194,1700643062.222514,1,1700643055.0225778,1700643052.8269606,True,66207744.0,1700643054.7636268,1700643059.7664611,5.00283432,5.0,0.0,67555328.0,1700643059.7707813,5.06352854,1700643062.8371303,0
1700643052.7535255,0.042067,10304,753,0.027962,0,0.072194,1700643061.6939924,1,1700643054.4501204,1700643052.8269606,True,66187264.0,1700643054.4924886,1700643059.4944625,5.00197363,5.0,0.0,67158016.0,1700643059.4975555,5.11844087,1700643062.2300832,0
1700643052.7535255,0.042067,10304,753,0.027962,0,0.072194,1700643061.7236624,1,1700643054.452729,1700643052.8269606,True,66187264.0,1700643054.4679337,1700643059.473,5.00506639,5.0,0.0,67534848.0,1700643059.4762478,5.0953021,1700643062.251437,0
1700643052.7535255,0.042067,10304,753,0.027962,0,0.072194,1700643062.2281375,1,1700643054.3715727,1700643052.8269606,True,66191360.0,1700643054.4479716,1700643059.453044,5.00507236,5.0,0.0,67538944.0,1700643059.4569485,5.0742147,1700643062.8343818,0
1700643052.7535255,0.042067,10304,753,0.027962,0,0.072194,1700643061.7473166,1,1700643054.8412545,1700643052.8269606,True,66195456.0,1700643054.496025,1700643059.50003,5.00400472,5.0,0.0,67162112.0,1700643059.5031357,5.11877322,1700643062.2428284,0
1700643052.7535255,0.042067,10304,753,0.027962,0,0.072194,1700643062.2210636,1,1700643054.832746,1700643052.8269606,True,66191360.0,1700643054.4985223,1700643059.5036185,5.0050962,5.0,0.0,67158016.0,1700643059.506715,5.1206553,1700643062.8400033,0
1700643052.7535255,0.042067,10304,753,0.027962,0,0.072194,1700643061.7651896,1,1700643054.7635422,1700643052.8269606,True,66191360.0,1700643054.481788,1700643059.4864578,5.0046699,5.0,0.0,67162112.0,1700643059.489447,5.10166073,1700643062.2488403,0
1700643052.7535255,0.042067,10304,753,0.027962,0,0.072194,1700643062.2362208,1,1700643054.75774,1700643052.8269606,True,66191360.0,1700643054.4879892,1700643059.4904568,5.00246763,5.0,0.0,67162112.0,1700643059.493554,5.10404181,1700643062.849769,0
1700643052.7535255,0.042067,10304,753,0.027962,0,0.072194,1700643061.781555,1,1700643054.3648365,1700643052.8269606,True,66195456.0,1700643054.4699285,1700643059.474985,5.00505662,5.0,0.0,67543040.0,1700643059.4782224,5.08705282,1700643062.252601,0
1700643052.7535255,0.042067,10304,753,0.027962,0,0.072194,1700643061.8145444,1,1700643054.4851413,1700643052.8269606,True,66195456.0,1700643054.512376,1700643059.517439,5.00506282,5.0,0.0,67166208.0,1700643059.5203302,5.12694883,1700643062.2558994,0
1700643052.7535255,0.042067,10304,753,0.027962,0,0.072194,1700643061.8169963,1,1700643054.3545754,1700643052.8269606,True,66195456.0,1700643054.4648662,1700643059.4699855,5.00511932,5.0,0.0,67543040.0,1700643059.4733076,5.07733369,1700643062.2521355,0
1700643052.7535255,0.042067,10304,753,0.027962,0,0.072194,1700643062.313737,1,1700643054.7025368,1700643052.8269606,True,66199552.0,1700643054.490095,1700643059.495299,5.0052042,5.0,0.0,67170304.0,1700643059.4985013,5.09089017,1700643062.8478756,0
1700643052.7535255,0.042067,10304,753,0.027962,0,0.072194,1700643061.822112,1,1700643054.4964783,1700643052.8269606,True,66199552.0,1700643054.5032463,1700643059.5083656,5.00511932,5.0,0.0,67170304.0,1700643059.5115554,5.10248184,1700643062.258913,0
1700643052.7535255,0.042067,10304,753,0.027962,0,0.072194,1700643061.8542902,1,1700643054.9558904,1700643052.8269606,True,66121728.0,1700643054.7308593,1700643059.7359235,5.00506425,5.0,0.0,67284992.0,1700643059.7392995,5.06531549,1700643062.3532312,0
1700643052.7535255,0.042067,10304,753,0.027962,0,0.072194,1700643061.859095,1,1700643055.025791,1700643052.8269606,True,66121728.0,1700643054.7315376,1700643059.7344842,5.00294662,5.0,0.0,67248128.0,1700643059.7390106,5.06320381,1700643062.84859,0
1700643052.7535255,0.042067,10304,753,0.027962,0,0.072194,1700643061.847732,1,1700643055.038089,1700643052.8269606,True,66121728.0,1700643054.75657,1700643059.7584653,5.00189519,5.0,0.0,67284992.0,1700643059.761265,5.08390474,1700643062.2626991,0
1700643052.7535255,0.042067,10304,753,0.027962,0,0.072194,1700643062.249534,1,1700643055.0310712,1700643052.8269606,True,66117632.0,1700643054.734046,1700643059.7384658,5.0044198,5.0,0.0,67284992.0,1700643059.741575,5.06262708,1700643062.861304,0
1700643052.7535255,0.042067,10304,753,0.027962,0,0.072194,1700643061.9918025,1,1700643054.8746257,1700643052.8269606,True,66125824.0,1700643054.7517846,1700643059.7544634,5.00267887,5.0,0.0,67534848.0,1700643059.757992,5.07763815,1700643062.852496,0
1700643052.7535255,0.042067,10304,753,0.027962,0,0.072194,1700643061.9093428,1,1700643054.975058,1700643052.8269606,True,66129920.0,1700643054.750496,1700643059.7544622,5.00396633,5.0,0.0,67416064.0,1700643059.759898,5.07777381,1700643062.847081,0
1700643052.7535255,0.042067,10304,753,0.027962,0,0.072194,1700643061.9463434,1,1700643054.7430825,1700643052.8269606,True,66125824.0,1700643054.7482889,1700643059.7504644,5.00217557,5.0,0.0,67538944.0,1700643059.753755,5.0703063,1700643062.8580904,0
1700643052.7535255,0.042067,10304,753,0.027962,0,0.072194,1700643062.2171335,1,1700643054.9269104,1700643052.8269606,True,66129920.0,1700643054.768655,1700643059.7704632,5.00180817,5.0,0.0,67477504.0,1700643059.7735362,5.08777857,1700643062.8518424,0
1700643052.7535255,0.042067,10304,753,0.027962,0,0.072194,1700643062.3193429,1,1700643054.697811,1700643052.8269606,True,66129920.0,1700643054.7531648,1700643059.7544613,5.00129652,5.0,0.0,67477504.0,1700643059.7594452,5.07275939,1700643062.869347,0
1700643052.7535255,0.042067,10304,753,0.027962,0,0.072194,1700643061.9932497,1,1700643054.8943715,1700643052.8269606,True,66129920.0,1700643054.7638974,1700643059.766467,5.00256968,5.0,0.0,67297280.0,1700643059.769631,5.08090639,1700643062.8845158,0
1700643052.7535255,0.042067,10304,753,0.027962,0,0.072194,1700643061.994161,1,1700643055.1846037,1700643052.8269606,True,66129920.0,1700643054.7497184,1700643059.7544663,5.00474811,5.0,0.0,67477504.0,1700643059.759498,5.06902075,1700643062.8797822,0
1700643052.7535255,0.042067,10304,753,0.027962,0,0.072194,1700643062.307957,1,1700643055.162964,1700643052.8269606,True,66129920.0,1700643054.7524035,1700643059.754465,5.00206137,5.0,0.0,67231744.0,1700643059.7594075,5.06680465,1700643062.9364042,0
1700643052.7535255,0.042067,10304,753,0.027962,0,0.072194,1700643062.357323,1,1700643054.8967323,1700643052.8269606,True,66007040.0,1700643054.5428703,1700643059.5470686,5.00419807,5.0,0.0,67207168.0,1700643059.5495763,5.0938611,1700643063.0561829,0
1700643052.7535255,0.042067,10304,753,0.027962,0,0.072194,1700643062.0181868,1,1700643054.4195604,1700643052.8269606,True,66007040.0,1700643054.5411596,1700643059.544248,5.00308847,5.0,0.0,67207168.0,1700643059.5469265,5.08857131,1700643063.0092273,0
1700643052.7535255,0.042067,10304,753,0.027962,0,0.072194,1700643062.0459013,1,1700643054.4484758,1700643052.8269606,True,66007040.0,1700643054.5355043,1700643059.5405943,5.00509,5.0,0.0,67207168.0,1700643059.54393,5.08360958,1700643063.095585,0
1700643052.7535255,0.042067,10304,753,0.027962,0,0.072194,1700643062.0481672,1,1700643054.8830168,1700643052.8269606,True,66011136.0,1700643054.540701,1700643059.5457687,5.00506783,5.0,0.0,67207168.0,1700643059.548397,5.07829309,1700643063.0903473,0
1700643052.7535255,0.042067,10304,753,0.027962,0,0.072194,1700643062.0580213,1,1700643054.3977356,1700643052.8269606,True,66015232.0,1700643054.5763695,1700643059.579066,5.00269651,5.0,0.0,67211264.0,1700643059.581488,5.1035738,1700643063.1117089,0
1700643052.7535255,0.042067,10304,753,0.027962,0,0.072194,1700643062.0548651,1,1700643054.746041,1700643052.8269606,True,66015232.0,1700643054.585873,1700643059.5909214,5.00504875,5.0,0.0,67215360.0,1700643059.5935946,5.1057775,1700643063.1003542,0
1700643052.7535255,0.042067,10304,753,0.027962,0,0.072194,1700643062.3755546,1,1700643054.6501155,1700643052.8269606,True,66015232.0,1700643054.5788925,1700643059.5830612,5.00416875,5.0,0.0,67215360.0,1700643059.5855627,5.09193563,1700643063.102658,0
1700643052.7535255,0.042067,10304,753,0.027962,0,0.072194,1700643062.0571077,1,1700643054.4322717,1700643052.8269606,True,66015232.0,1700643054.5870745,1700643059.5921311,5.00505662,5.0,0.0,67215360.0,1700643059.5945845,5.10057998,1700643063.1082778,0
1700643052.7535255,0.042067,10304,753,0.027962,0,0.072194,1700643062.148409,1,1700643054.472214,1700643052.8269606,True,66015232.0,1700643054.5715563,1700643059.5750608,5.00350451,5.0,0.0,67215360.0,1700643059.5781465,5.08394098,1700643063.1128323,0
1700643052.7535255,0.042067,10304,753,0.027962,0,0.072194,1700643062.144833,1,1700643054.9549885,1700643052.8269606,True,66015232.0,1700643054.6020317,1700643059.607067,5.00503564,5.0,0.0,67215360.0,1700643059.6100907,5.09701014,1700643063.1015086,0
1700643052.7535255,0.042067,10304,753,0.027962,0,0.072194,1700643062.1469924,1,1700643054.6558192,1700643052.8269606,True,66015232.0,1700643054.5876875,1700643059.5927508,5.0050633,5.0,0.0,67215360.0,1700643059.5954015,5.08205104,1700643063.1335323,0
1700643052.7535255,0.042067,10304,753,0.027962,0,0.072194,1700643062.1390314,1,1700643054.6664188,1700643052.8269606,True,66019328.0,1700643054.5883472,1700643059.5933998,5.00505257,5.0,0.0,67219456.0,1700643059.596037,5.08244801,1700643063.1236205,0
1700643052.7535255,0.042067,10304,753,0.027962,0,0.072194,1700643062.128408,1,1700643054.5423422,1700643052.8269606,True,66060288.0,1700643054.5837967,1700643059.5848508,5.00105405,5.0,0.0,67178496.0,1700643059.5888708,5.08654547,1700643063.1147797,0
1700643052.7535255,0.042067,10304,753,0.027962,0,0.072194,1700643062.1425614,1,1700643054.6412673,1700643052.8269606,True,66060288.0,1700643054.5898442,1700643059.5910604,5.00121617,5.0,0.0,67178496.0,1700643059.5937712,5.08899546,1700643063.1361136,0
1700643052.7535255,0.042067,10304,753,0.027962,0,0.072194,1700643062.1904328,1,1700643054.6331563,1700643052.8269606,True,66060288.0,1700643054.589785,1700643059.5948403,5.00505495,5.0,0.0,67182592.0,1700643059.5974276,5.08950043,1700643063.1255977,0
1700643052.7535255,0.042067,10304,753,0.027962,0,0.072194,1700643062.1874194,1,1700643054.7143233,1700643052.8269606,True,66068480.0,1700643054.60787,1700643059.61106,5.00319028,5.0,0.0,67174400.0,1700643059.613555,5.08975315,1700643063.1442184,0
1700643052.7535255,0.042067,10304,753,0.027962,0,0.072194,1700643062.1843722,1,1700643054.446683,1700643052.8269606,True,66068480.0,1700643054.6053283,1700643059.6103823,5.005054,5.0,0.0,67215360.0,1700643059.6130886,5.07706213,1700643063.1689932,0
1700643052.7535255,0.042067,10304,753,0.027962,0,0.072194,1700643062.1988058,1,1700643054.4518454,1700643052.8269606,True,66068480.0,1700643054.638288,1700643059.6433403,5.00505233,5.0,0.0,67186688.0,1700643059.64614,5.10837555,1700643063.1958995,0
1700643052.7535255,0.042067,10304,753,0.027962,0,0.072194,1700643062.186135,1,1700643054.5636654,1700643052.8269606,True,66068480.0,1700643054.6174176,1700643059.6224658,5.00504827,5.0,0.0,67178496.0,1700643059.625043,5.08023763,1700643063.204058,0
1700643052.7535255,0.042067,10304,753,0.027962,0,0.072194,1700643062.1852782,1,1700643054.4523041,1700643052.8269606,True,66068480.0,1700643054.6091988,1700643059.6142542,5.00505543,5.0,0.0,67186688.0,1700643059.6167226,5.07095194,1700643063.3081355,0
1700643052.7535255,0.042067,10304,753,0.027962,0,0.072194,1700643062.2830014,1,1700643055.032184,1700643052.8269606,True,66068480.0,1700643054.6260276,1700643059.631065,5.00503707,5.0,0.0,67178496.0,1700643059.633525,5.08235264,1700643063.2379067,0
1700643052.7535255,0.042067,10304,753,0.027962,0,0.072194,1700643062.3305552,1,1700643054.6645615,1700643052.8269606,True,66076672.0,1700643054.6247787,1700643059.6270597,5.00228095,5.0,0.0,67186688.0,1700643059.629537,5.07675838,1700643063.2969215,0
1700643052.7535255,0.042067,10304,753,0.027962,0,0.072194,1700643062.2904484,1,1700643054.9357753,1700643052.8269606,True,66068480.0,1700643054.6393006,1700643059.6443553,5.00505471,5.0,0.0,67178496.0,1700643059.6475496,5.09404135,1700643063.247052,0
1700643052.7535255,0.042067,10304,753,0.027962,0,0.072194,1700643062.297194,1,1700643054.5536535,1700643052.8269606,True,66068480.0,1700643054.637602,1700643059.6426582,5.00505638,5.0,0.0,67178496.0,1700643059.6452467,5.08165359,1700643063.2673354,0
1700643052.7535255,0.042067,10304,753,0.027962,0,0.072194,1700643062.294233,1,1700643055.01627,1700643052.8269606,True,66121728.0,1700643054.774464,1700643059.7790654,5.00460148,5.0,0.0,67403776.0,1700643059.782287,5.07707477,1700643063.307739,0
1700643052.7535255,0.042067,10304,753,0.027962,0,0.072194,1700643062.364629,1,1700643054.6993823,1700643052.8269606,True,66121728.0,1700643054.7736022,1700643059.778653,5.00505042,5.0,0.0,67231744.0,1700643059.78144,5.07453036,1700643063.308552,0
1700643052.7535255,0.042067,10304,753,0.027962,0,0.072194,1700643062.316834,1,1700643055.1153598,1700643052.8269606,True,66121728.0,1700643054.7642794,1700643059.7670703,5.00279093,5.0,0.0,67231744.0,1700643059.7707424,5.0623157,1700643063.3093808,0
1700643052.7535255,0.042067,10304,753,0.027962,0,0.072194,1700643062.303695,1,1700643054.81941,1700643052.8269606,True,66117632.0,1700643054.7627716,1700643059.7670736,5.00430202,5.0,0.0,67280896.0,1700643059.770631,5.06090641,1700643063.310132,0
1700643052.7535255,0.042067,10304,753,0.027962,0,0.072194,1700643062.3594117,1,1700643054.9691532,1700643052.8269606,True,66125824.0,1700643054.7752683,1700643059.7790575,5.00378942,5.0,0.0,67403776.0,1700643059.7822678,5.07127738,1700643063.3109062,0
1700643052.7535255,0.042067,10304,753,0.027962,0,0.072194,1700643062.2994926,1,1700643055.198911,1700643052.8269606,True,66129920.0,1700643054.7689662,1700643059.7740154,5.00504923,5.0,0.0,67239936.0,1700643059.7770069,5.06465149,1700643063.3138368,0
1700643052.7535255,0.042067,10304,753,0.027962,0,0.072194,1700643062.30947,1,1700643054.835862,1700643052.8269606,True,66125824.0,1700643054.7676797,1700643059.7723496,5.0046699,5.0,0.0,67473408.0,1700643059.7755003,5.06159234,1700643063.314135,0
1700643052.7535255,0.042067,10304,753,0.027962,0,0.072194,1700643062.3058772,1,1700643055.150833,1700643052.8269606,True,66129920.0,1700643054.769654,1700643059.771071,5.00141692,5.0,0.0,67293184.0,1700643059.7737968,5.05833626,1700643063.3115132,0
1700643052.7535255,0.042067,10304,753,0.027962,0,0.072194,1700643062.364021,1,1700643055.1589158,1700643052.8269606,True,66129920.0,1700643054.7730975,1700643059.7781591,5.00506163,5.0,0.0,67411968.0,1700643059.7809567,5.06411242,1700643063.311731,0
1700643052.7535255,0.042067,10304,753,0.027962,0,0.072194,1700643062.3116217,1,1700643054.633069,1700643052.8269606,True,66129920.0,1700643054.801041,1700643059.803069,5.00202823,5.0,0.0,67239936.0,1700643059.806512,5.08845448,1700643063.313152,0
1700643052.7535255,0.042067,10304,753,0.027962,0,0.072194,1700643062.3182254,1,1700643055.0019798,1700643052.8269606,True,66129920.0,1700643054.82749,1700643059.8310704,5.00358057,5.0,0.0,67411968.0,1700643059.8341255,5.11396885,1700643063.317139,0
1700643052.7535255,0.042067,10304,753,0.027962,0,0.072194,1700643062.3718712,1,1700643054.7690933,1700643052.8269606,True,66129920.0,1700643054.7762473,1700643059.779063,5.00281572,5.0,0.0,67174400.0,1700643059.782137,5.06059551,1700643063.31247,0
1700643052.7535255,0.042067,10304,753,0.027962,0,0.072194,1700643062.3422592,1,1700643054.8065596,1700643052.8269606,True,66056192.0,1700643054.8478727,1700643059.8510752,5.00320244,5.0,0.0,67166208.0,1700643059.8550992,5.06876779,1700643063.31529,0
1700643052.7535255,0.042067,10304,753,0.027962,0,0.072194,1700643062.392301,1,1700643055.0037081,1700643052.8269606,True,66056192.0,1700643054.8474462,1700643059.8510704,5.0036242,5.0,0.0,67166208.0,1700643059.854868,5.06699824,1700643063.31756,0
1700643052.7535255,0.042067,10304,753,0.027962,0,0.072194,1700643062.3370574,1,1700643055.279288,1700643052.8269606,True,66056192.0,1700643054.850094,1700643059.851148,5.00105381,5.0,0.0,67166208.0,1700643059.8551228,5.06589961,1700643063.3165665,0
1700643052.7535255,0.042067,10304,753,0.027962,0,0.072194,1700643062.3617065,1,1700643055.2301486,1700643052.8269606,True,66064384.0,1700643054.8432806,1700643059.8483388,5.00505829,5.0,0.0,67170304.0,1700643059.850937,5.06060696,1700643063.3184006,0
1700643052.7535255,0.042067,10304,753,0.027962,0,0.072194,1700643062.3326263,1,1700643054.741383,1700643052.8269606,True,66064384.0,1700643054.8447895,1700643059.8471472,5.00235748,5.0,0.0,67178496.0,1700643059.850217,5.05861187,1700643063.317994,0
1700643052.7535255,0.042067,10304,753,0.027962,0,0.072194,1700643062.326911,1,1700643055.2711368,1700643052.8269606,True,66064384.0,1700643054.8494968,1700643059.8510756,5.00157881,5.0,0.0,67174400.0,1700643059.85432,5.06116033,1700643063.3159792,0
1700643052.7535255,0.042067,10304,753,0.027962,0,0.072194,1700643062.3284223,1,1700643055.1272967,1700643052.8269606,True,66064384.0,1700643054.8513544,1700643059.8550684,5.00371408,5.0,0.0,67174400.0,1700643059.8575888,5.06311297,1700643063.3200555,0
1700643052.7535255,0.042067,10304,753,0.027962,0,0.072194,1700643062.3639014,1,1700643054.8930125,1700643052.8269606,True,66064384.0,1700643054.8676963,1700643059.8710847,5.0033884,5.0,0.0,67174400.0,1700643059.8736763,5.07788992,1700643063.31985,0
1700643052.7535255,0.042067,10304,753,0.027962,0,0.072194,1700643062.3496923,1,1700643054.8114898,1700643052.8269606,True,66064384.0,1700643054.8540535,1700643059.8590722,5.00501847,5.0,0.0,67174400.0,1700643059.8619597,5.06467223,1700643063.3229911,0
1700643052.7535255,0.042067,10304,753,0.027962,0,0.072194,1700643062.4898949,1,1700643055.0944939,1700643052.8269606,True,66064384.0,1700643054.8543744,1700643059.8590677,5.00469327,5.0,0.0,67174400.0,1700643059.861981,5.06325078,1700643063.3232274,0
1700643052.7535255,0.042067,10304,753,0.027962,0,0.072194,1700643062.3348918,1,1700643054.9237049,1700643052.8269606,True,66064384.0,1700643054.865506,1700643059.870559,5.00505304,5.0,0.0,67174400.0,1700643059.873475,5.07339334,1700643063.3191843,0
1700643052.7535255,0.042067,10304,753,0.027962,0,0.072194,1700643062.3644135,1,1700643054.7483644,1700643052.8269606,True,66072576.0,1700643054.862435,1700643059.8670678,5.00463271,5.0,0.0,67182592.0,1700643059.86967,5.06774759,1700643063.3202815,0
1700643052.7535255,0.042067,10304,753,0.027962,0,0.072194,1700643062.3518178,1,1700643054.942862,1700643052.8269606,True,66203648.0,1700643054.8090544,1700643059.8114753,5.0024209,5.0,0.0,67530752.0,1700643059.814528,5.06851125,1700643063.3196027,0
1700643052.7535255,0.042067,10304,753,0.027962,0,0.072194,1700643062.3444724,1,1700643054.684828,1700643052.8269606,True,66179072.0,1700643054.8052895,1700643059.807857,5.00256729,5.0,0.0,67313664.0,1700643059.8112428,5.06362224,1700643063.3214536,0
1700643052.7535255,0.042067,10304,753,0.027962,0,0.072194,1700643062.3839903,1,1700643055.107525,1700643052.8269606,True,66203648.0,1700643054.8226454,1700643059.8274684,5.00482297,5.0,0.0,67530752.0,1700643059.83094,5.0823586,1700643063.320595,0
1700643052.7535255,0.042067,10304,753,0.027962,0,0.072194,1700643062.4555786,1,1700643054.8692617,1700643052.8269606,True,66166784.0,1700643054.8057392,1700643059.8074713,5.00173211,5.0,0.0,67387392.0,1700643059.8112302,5.06128287,1700643063.323714,0
1700643052.7535255,0.042067,10304,753,0.027962,0,0.072194,1700643062.6446106,1,1700643054.7702434,1700643052.8269606,True,66207744.0,1700643054.8235004,1700643059.828548,5.00504756,5.0,0.0,67530752.0,1700643059.8315408,5.07958555,1700643063.3636937,0
1700643052.7535255,0.042067,10304,753,0.027962,0,0.072194,1700643062.3882573,1,1700643055.1160529,1700643052.8269606,True,66211840.0,1700643054.8221035,1700643059.8234725,5.00136876,5.0,0.0,67538944.0,1700643059.8258717,5.07287121,1700643063.325007,0
1700643052.7535255,0.042067,10304,753,0.027962,0,0.072194,1700643062.390718,1,1700643054.826716,1700643052.8269606,True,66207744.0,1700643054.8055518,1700643059.8074691,5.00191736,5.0,0.0,67534848.0,1700643059.8111916,5.0569036,1700643063.3266823,0
1700643052.7535255,0.042067,10304,753,0.027962,0,0.072194,1700643062.3476014,1,1700643055.1120203,1700643052.8269606,True,66211840.0,1700643054.8116562,1700643059.8164935,5.00483751,5.0,0.0,67538944.0,1700643059.818845,5.06276083,1700643063.3252609,0
1700643052.7535255,0.042067,10304,753,0.027962,0,0.072194,1700643062.641576,1,1700643055.1100655,1700643052.8269606,True,66211840.0,1700643054.8122537,1700643059.8154647,5.00321126,5.0,0.0,67538944.0,1700643059.8178334,5.06004548,1700643063.3665185,0
1700643052.7535255,0.042067,10304,753,0.027962,0,0.072194,1700643062.3669326,1,1700643055.2243936,1700643052.8269606,True,66211840.0,1700643054.8228507,1700643059.8274643,5.00461364,5.0,0.0,67538944.0,1700643059.8308249,5.07204652,1700643063.3254411,0
1700643052.7535255,0.042067,10304,753,0.027962,0,0.072194,1700643062.4296632,1,1700643054.727396,1700643052.8269606,True,66211840.0,1700643054.8233118,1700643059.8274698,5.00415802,5.0,0.0,67538944.0,1700643059.831463,5.07012582,1700643063.327662,0
1700643052.7535255,0.042067,10304,753,0.027962,0,0.072194,1700643062.368302,1,1700643055.0528655,1700643052.8269606,True,66215936.0,1700643054.822627,1700643059.8276842,5.0050571,5.0,0.0,67477504.0,1700643059.8313322,5.06912518,1700643063.329816,0
1700643052.7535255,0.042067,10304,753,0.027962,0,0.072194,1700643062.492737,1,1700643054.6996684,1700643052.8269606,True,66289664.0,1700643054.4032924,1700643059.408448,5.00515556,5.0,0.0,67248128.0,1700643059.4121678,5.08564281,1700643063.3283036,0
1700643052.7535255,0.042067,10304,753,0.027962,0,0.072194,1700643062.3779793,1,1700643054.5836484,1700643052.8269606,True,66289664.0,1700643054.4077487,1700643059.408448,5.00069928,5.0,0.0,67248128.0,1700643059.412163,5.08346391,1700643063.329595,0
1700643052.7535255,0.042067,10304,753,0.027962,0,0.072194,1700643062.4273288,1,1700643054.4414206,1700643052.8269606,True,66289664.0,1700643054.4205186,1700643059.4234636,5.00294495,5.0,0.0,67248128.0,1700643059.4258497,5.09564877,1700643063.3300846,0
1700643052.7535255,0.042067,10304,753,0.027962,0,0.072194,1700643062.6514902,1,1700643054.830735,1700643052.8269606,True,66297856.0,1700643054.4281704,1700643059.4314637,5.00329304,5.0,0.0,67252224.0,1700643059.434782,5.10379744,1700643063.3655057,0
1700643052.7535255,0.042067,10304,753,0.027962,0,0.072194,1700643062.729573,1,1700643054.4307616,1700643052.8269606,True,66297856.0,1700643054.4167428,1700643059.419464,5.00272131,5.0,0.0,67268608.0,1700643059.4218683,5.08893061,1700643063.3673968,0
1700643052.7535255,0.042067,10304,753,0.027962,0,0.072194,1700643062.3937235,1,1700643054.3998406,1700643052.8269606,True,66297856.0,1700643054.4301462,1700643059.431463,5.00131679,5.0,0.0,67256320.0,1700643059.4347446,5.1002667,1700643063.3333502,0
1700643052.7535255,0.042067,10304,753,0.027962,0,0.072194,1700643062.3825972,1,1700643054.4812768,1700643052.8269606,True,66297856.0,1700643054.4337275,1700643059.4354668,5.00173903,5.0,0.0,67256320.0,1700643059.4380388,5.10187292,1700643063.3305385,0
1700643052.7535255,0.042067,10304,753,0.027962,0,0.072194,1700643062.3794577,1,1700643054.5739996,1700643052.8269606,True,66297856.0,1700643054.4309375,1700643059.4354692,5.00453162,5.0,0.0,67256320.0,1700643059.438239,5.10114551,1700643063.3318703,0
1700643052.7535255,0.042067,10304,753,0.027962,0,0.072194,1700643062.396935,1,1700643054.4996831,1700643052.8269606,True,66297856.0,1700643054.424419,1700643059.4274645,5.00304556,5.0,0.0,67272704.0,1700643059.4297676,5.09082127,1700643063.334551,0
1700643052.7535255,0.042067,10304,753,0.027962,0,0.072194,1700643062.3988912,1,1700643054.6456723,1700643052.8269606,True,66297856.0,1700643054.444839,1700643059.4498885,5.00504947,5.0,0.0,67256320.0,1700643059.4524603,5.11175394,1700643063.3353229,0
1700643052.7535255,0.042067,10304,753,0.027962,0,0.072194,1700643062.5471509,1,1700643054.292642,1700643052.8269606,True,66297856.0,1700643054.4265082,1700643059.4314678,5.00495958,5.0,0.0,67256320.0,1700643059.4345462,5.09226871,1700643063.3704958,0
1700643052.7535255,0.042067,10304,753,0.027962,0,0.072194,1700643062.434667,1,1700643054.3417768,1700643052.8269606,True,66306048.0,1700643054.410014,1700643059.4151297,5.00511575,5.0,0.0,67264512.0,1700643059.4176545,5.07315302,1700643063.3382895,0
1700643052.7535255,0.042067,10304,753,0.027962,0,0.072194,1700643062.401184,1,1700643054.7173858,1700643052.8269606,True,66117632.0,1700643054.844005,1700643059.8490615,5.00505662,5.0,0.0,67158016.0,1700643059.8516471,5.06353259,1700643063.3385031,0
1700643052.7535255,0.042067,10304,753,0.027962,0,0.072194,1700643062.4418552,1,1700643055.257258,1700643052.8269606,True,66117632.0,1700643054.8464348,1700643059.8514762,5.00504136,5.0,0.0,67158016.0,1700643059.8543112,5.06479692,1700643063.3426766,0
1700643052.7535255,0.042067,10304,753,0.027962,0,0.072194,1700643062.483128,1,1700643055.250537,1700643052.8269606,True,66117632.0,1700643054.848439,1700643059.853488,5.00504899,5.0,0.0,67158016.0,1700643059.8559196,5.06524229,1700643063.3406334,0
1700643052.7535255,0.042067,10304,753,0.027962,0,0.072194,1700643062.4452572,1,1700643054.7813115,1700643052.8269606,True,66125824.0,1700643054.8463042,1700643059.847559,5.0012548,5.0,0.0,67162112.0,1700643059.8506625,5.05868936,1700643063.341416,0
1700643052.7535255,0.042067,10304,753,0.027962,0,0.072194,1700643062.4317915,1,1700643055.1293805,1700643052.8269606,True,66121728.0,1700643054.8519175,1700643059.8554697,5.00355172,5.0,0.0,67158016.0,1700643059.8587866,5.06525564,1700643063.344019,0
1700643052.7535255,0.042067,10304,753,0.027962,0,0.072194,1700643062.4944117,1,1700643055.132313,1700643052.8269606,True,66121728.0,1700643054.850438,1700643059.8554738,5.00503588,5.0,0.0,67162112.0,1700643059.8592615,5.06477737,1700643063.3458874,0
1700643052.7535255,0.042067,10304,753,0.027962,0,0.072194,1700643062.4995873,1,1700643054.7226357,1700643052.8269606,True,66121728.0,1700643054.8518498,1700643059.856899,5.00504923,5.0,0.0,67162112.0,1700643059.8608463,5.06451941,1700643063.34629,0
1700643052.7535255,0.042067,10304,753,0.027962,0,0.072194,1700643062.4366791,1,1700643054.8067553,1700643052.8269606,True,66125824.0,1700643054.8481977,1700643059.851472,5.0032742,5.0,0.0,67166208.0,1700643059.854114,5.05664444,1700643063.3465774,0
1700643052.7535255,0.042067,10304,753,0.027962,0,0.072194,1700643062.450628,1,1700643054.7507668,1700643052.8269606,True,66125824.0,1700643054.852522,1700643059.8554692,5.00294733,5.0,0.0,67166208.0,1700643059.8593156,5.05976176,1700643063.3467398,0
1700643052.7535255,0.042067,10304,753,0.027962,0,0.072194,1700643062.4436326,1,1700643055.250467,1700643052.8269606,True,66125824.0,1700643054.8538697,1700643059.8554702,5.0016005,5.0,0.0,67166208.0,1700643059.858627,5.057657,1700643063.3472054,0
1700643052.7535255,0.042067,10304,753,0.027962,0,0.072194,1700643062.4654012,1,1700643055.1893816,1700643052.8269606,True,66125824.0,1700643054.8597453,1700643059.863468,5.00372267,5.0,0.0,67166208.0,1700643059.8662925,5.06437063,1700643063.3473506,0
1700643052.7535255,0.042067,10304,753,0.027962,0,0.072194,1700643062.4239726,1,1700643055.1024108,1700643052.8269606,True,66129920.0,1700643054.8601744,1700643059.8634665,5.00329185,5.0,0.0,67170304.0,1700643059.866208,5.06324458,1700643063.3475974,0
1700643052.7535255,0.042067,10304,753,0.027962,0,0.072194,1700643062.4476805,1,1700643054.7624474,1700643052.8269606,True,66158592.0,1700643054.7523234,1700643059.7573864,5.00506306,5.0,0.0,67219456.0,1700643059.760069,5.06250906,1700643063.3481336,0
1700643052.7535255,0.042067,10304,753,0.027962,0,0.072194,1700643062.4444597,1,1700643055.0511172,1700643052.8269606,True,66158592.0,1700643054.7510169,1700643059.755469,5.00445223,5.0,0.0,67186688.0,1700643059.7586334,5.05943489,1700643063.347869,0
1700643052.7535255,0.042067,10304,753,0.027962,0,0.072194,1700643062.4428165,1,1700643055.0723376,1700643052.8269606,True,66162688.0,1700643054.762144,1700643059.7672043,5.00506043,5.0,0.0,67260416.0,1700643059.7698689,5.06900954,1700643063.3482673,0
1700643052.7535255,0.042067,10304,753,0.027962,0,0.072194,1700643062.4780748,1,1700643054.9505913,1700643052.8269606,True,66162688.0,1700643054.7577045,1700643059.7594626,5.0017581,5.0,0.0,67379200.0,1700643059.762263,5.05982947,1700643063.3486068,0
1700643052.7535255,0.042067,10304,753,0.027962,0,0.072194,1700643062.463955,1,1700643054.8883553,1700643052.8269606,True,66166784.0,1700643054.7581935,1700643059.759469,5.0012753,5.0,0.0,67416064.0,1700643059.7624002,5.05798554,1700643063.3490229,0
1700643052.7535255,0.042067,10304,753,0.027962,0,0.072194,1700643062.4401538,1,1700643054.9605758,1700643052.8269606,True,66166784.0,1700643054.7628624,1700643059.7674618,5.00459933,5.0,0.0,67317760.0,1700643059.7700627,5.06378031,1700643063.3491805,0
1700643052.7535255,0.042067,10304,753,0.027962,0,0.072194,1700643062.4763954,1,1700643054.7567694,1700643052.8269606,True,66166784.0,1700643054.7788663,1700643059.7834682,5.00460172,5.0,0.0,67264512.0,1700643059.7858498,5.07822204,1700643063.3495471,0
1700643052.7535255,0.042067,10304,753,0.027962,0,0.072194,1700643062.459895,1,1700643055.0595138,1700643052.8269606,True,66166784.0,1700643054.7617035,1700643059.7667656,5.00506186,5.0,0.0,67194880.0,1700643059.7691617,5.05991387,1700643063.3494103,0
1700643052.7535255,0.042067,10304,753,0.027962,0,0.072194,1700643062.4577758,1,1700643054.7223787,1700643052.8269606,True,66166784.0,1700643054.7742865,1700643059.77934,5.00505376,5.0,0.0,67317760.0,1700643059.781848,5.07054305,1700643063.349807,0
1700643052.7535255,0.042067,10304,753,0.027962,0,0.072194,1700643062.452724,1,1700643055.130458,1700643052.8269606,True,66166784.0,1700643054.7599752,1700643059.7634654,5.00349021,5.0,0.0,67223552.0,1700643059.7659836,5.05316305,1700643063.3499398,0
1700643052.7535255,0.042067,10304,753,0.027962,0,0.072194,1700643062.4961004,1,1700643054.955256,1700643052.8269606,True,66174976.0,1700643054.770387,1700643059.7754486,5.00506163,5.0,0.0,67268608.0,1700643059.7778928,5.06356549,1700643063.3505216,0
1700643052.7535255,0.042067,10304,753,0.027962,0,0.072194,1700643062.4970748,1,1700643055.1214137,1700643052.8269606,True,66174976.0,1700643054.7737665,1700643059.7788138,5.00504732,5.0,0.0,67268608.0,1700643059.781196,5.06460929,1700643063.3502228,0
1700643052.7535255,0.042067,10304,753,0.027962,0,0.072194,1700643062.4690905,1,1700643054.8041973,1700643052.8269606,True,66121728.0,1700643054.5330634,1700643059.5375822,5.00451875,5.0,0.0,67162112.0,1700643059.5410788,5.0575161,1700643063.3506951,0
1700643052.7535255,0.042067,10304,753,0.027962,0,0.072194,1700643062.4719143,1,1700643054.5520992,1700643052.8269606,True,66121728.0,1700643054.5544472,1700643059.558174,5.00372672,5.0,0.0,67162112.0,1700643059.5613608,5.07539654,1700643063.3508348,0
1700643052.7535255,0.042067,10304,753,0.027962,0,0.072194,1700643062.4741611,1,1700643054.9117818,1700643052.8269606,True,66121728.0,1700643054.561848,1700643059.5655806,5.00373268,5.0,0.0,67166208.0,1700643059.5686967,5.0810914,1700643063.350986,0
1700643052.7535255,0.042067,10304,753,0.027962,0,0.072194,1700643062.507846,1,1700643054.7351449,1700643052.8269606,True,66121728.0,1700643054.545828,1700643059.5495737,5.00374579,5.0,0.0,67162112.0,1700643059.5531468,5.06325364,1700643063.368,0
1700643052.7535255,0.042067,10304,753,0.027962,0,0.072194,1700643062.4952905,1,1700643054.4116175,1700643052.8269606,True,66129920.0,1700643054.5456846,1700643059.549578,5.00389338,5.0,0.0,67198976.0,1700643059.553063,5.06174994,1700643063.3513844,0
1700643052.7535255,0.042067,10304,753,0.027962,0,0.072194,1700643062.5031924,1,1700643054.426796,1700643052.8269606,True,66125824.0,1700643054.5542226,1700643059.5575764,5.00335383,5.0,0.0,67166208.0,1700643059.561283,5.06926084,1700643063.3757007,0
1700643052.7535255,0.042067,10304,753,0.027962,0,0.072194,1700643062.4935472,1,1700643054.8160655,1700643052.8269606,True,66129920.0,1700643054.553733,1700643059.5575762,5.00384283,5.0,0.0,67170304.0,1700643059.5610518,5.06728077,1700643063.3515186,0
1700643052.7535255,0.042067,10304,753,0.027962,0,0.072194,1700643062.4809265,1,1700643054.7994475,1700643052.8269606,True,66129920.0,1700643054.5606716,1700643059.5657203,5.00504875,5.0,0.0,67170304.0,1700643059.569066,5.07371378,1700643063.3516498,0
1700643052.7535255,0.042067,10304,753,0.027962,0,0.072194,1700643062.521304,1,1700643054.9503314,1700643052.8269606,True,66129920.0,1700643054.5475245,1700643059.5525784,5.005054,5.0,0.0,67170304.0,1700643059.5555005,5.05845642,1700643063.370145,0
1700643052.7535255,0.042067,10304,753,0.027962,0,0.072194,1700643062.4852445,1,1700643054.6015196,1700643052.8269606,True,66129920.0,1700643054.558559,1700643059.5615766,5.00301766,5.0,0.0,67170304.0,1700643059.5648627,5.06352472,1700643063.3517745,0
1700643052.7535255,0.042067,10304,753,0.027962,0,0.072194,1700643062.4874237,1,1700643054.5502589,1700643052.8269606,True,66129920.0,1700643054.557473,1700643059.5616446,5.00417161,5.0,0.0,67170304.0,1700643059.5648627,5.06262898,1700643063.3518994,0
1700643052.7535255,0.042067,10304,753,0.027962,0,0.072194,1700643062.500411,1,1700643054.8879583,1700643052.8269606,True,66134016.0,1700643054.561419,1700643059.5655842,5.00416517,5.0,0.0,67174400.0,1700643059.5688877,5.06558943,1700643063.352219,0
1700643052.7535255,0.042067,10304,753,0.027962,0,0.072194,1700643062.4882195,1,1700643054.3417678,1700643052.8269606,True,65937408.0,1700643054.4741924,1700643059.4761343,5.00194192,5.0,0.0,67108864.0,1700643059.4797332,5.06376624,1700643063.3523817,0
1700643052.7535255,0.042067,10304,753,0.027962,0,0.072194,1700643062.4909947,1,1700643054.8838067,1700643052.8269606,True,65937408.0,1700643054.4883745,1700643059.4934344,5.00505996,5.0,0.0,67104768.0,1700643059.4966202,5.07885742,1700643063.3525217,0
1700643052.7535255,0.042067,10304,753,0.027962,0,0.072194,1700643062.4890006,1,1700643054.3429608,1700643052.8269606,True,65937408.0,1700643054.496123,1700643059.5011878,5.00506473,5.0,0.0,67141632.0,1700643059.5038664,5.08485222,1700643063.3528297,0
1700643052.7535255,0.042067,10304,753,0.027962,0,0.072194,1700643062.491927,1,1700643054.8243184,1700643052.8269606,True,65941504.0,1700643054.483207,1700643059.4882617,5.00505471,5.0,0.0,67108864.0,1700643059.4913895,5.07068181,1700643063.3529692,0
1700643052.7535255,0.042067,10304,753,0.027962,0,0.072194,1700643062.498712,1,1700643054.5688646,1700643052.8269606,True,65945600.0,1700643054.4890058,1700643059.494059,5.00505328,5.0,0.0,67145728.0,1700643059.4969718,5.07503462,1700643063.3532712,0
1700643052.7535255,0.042067,10304,753,0.027962,0,0.072194,1700643062.4979253,1,1700643054.5601223,1700643052.8269606,True,65941504.0,1700643054.4945374,1700643059.4962535,5.00171638,5.0,0.0,67117056.0,1700643059.4992056,5.07578278,1700643063.3534229,0
1700643052.7535255,0.042067,10304,753,0.027962,0,0.072194,1700643062.5145152,1,1700643054.444579,1700643052.8269606,True,65945600.0,1700643054.4905646,1700643059.4956238,5.00505924,5.0,0.0,67149824.0,1700643059.498626,5.07370853,1700643063.3770297,0
1700643052.7535255,0.042067,10304,753,0.027962,0,0.072194,1700643062.5039942,1,1700643054.839412,1700643052.8269606,True,65945600.0,1700643054.4969113,1700643059.5019624,5.00505114,5.0,0.0,67121152.0,1700643059.505077,5.07853103,1700643063.3740072,0
1700643052.7535255,0.042067,10304,753,0.027962,0,0.072194,1700643062.503064,1,1700643054.7098303,1700643052.8269606,True,65945600.0,1700643054.5009234,1700643059.5017152,5.00079179,5.0,0.0,67145728.0,1700643059.5050476,5.07637119,1700643063.3774023,0
1700643052.7535255,0.042067,10304,753,0.027962,0,0.072194,1700643062.5233777,1,1700643054.5432985,1700643052.8269606,True,65945600.0,1700643054.5033538,1700643059.5037537,5.00039983,5.0,0.0,67117056.0,1700643059.5067313,5.07675409,1700643063.379459,0
1700643052.7535255,0.042067,10304,753,0.027962,0,0.072194,1700643062.537765,1,1700643054.5777748,1700643052.8269606,True,65945600.0,1700643054.5063896,1700643059.5076575,5.00126791,5.0,0.0,67149824.0,1700643059.510695,5.07906127,1700643063.3832636,0
1700643052.7535255,0.042067,10304,753,0.027962,0,0.072194,1700643062.5356712,1,1700643054.5159311,1700643052.8269606,True,65949696.0,1700643054.511279,1700643059.513574,5.00229502,5.0,0.0,67117056.0,1700643059.5163713,5.08326817,1700643063.3750584,0
1700643052.7535255,0.042067,10304,753,0.027962,0,0.072194,1700643062.5283442,1,1700643054.4603043,1700643052.8269606,True,66203648.0,1700643054.498555,1700643059.503611,5.00505638,5.0,0.0,67215360.0,1700643059.5066118,5.07137179,1700643063.380443,0
1700643052.7535255,0.042067,10304,753,0.027962,0,0.072194,1700643062.543087,1,1700643054.8296533,1700643052.8269606,True,66203648.0,1700643054.503889,1700643059.5055814,5.0016923,5.0,0.0,67215360.0,1700643059.5087247,5.07110119,1700643063.3851137,0
1700643052.7535255,0.042067,10304,753,0.027962,0,0.072194,1700643062.552431,1,1700643054.364998,1700643052.8269606,True,66203648.0,1700643054.5258746,1700643059.5295756,5.00370097,5.0,0.0,67248128.0,1700643059.532299,5.09311461,1700643063.382691,0
1700643052.7535255,0.042067,10304,753,0.027962,0,0.072194,1700643062.641698,1,1700643054.7907925,1700643052.8269606,True,66207744.0,1700643054.5236647,1700643059.5255735,5.00190902,5.0,0.0,67215360.0,1700643059.5287633,5.08624053,1700643063.384061,0
1700643052.7535255,0.042067,10304,753,0.027962,0,0.072194,1700643062.58346,1,1700643054.8152108,1700643052.8269606,True,66207744.0,1700643054.5158744,1700643059.5175765,5.00170207,5.0,0.0,67219456.0,1700643059.5204604,5.07621074,1700643063.3881698,0
1700643052.7535255,0.042067,10304,753,0.027962,0,0.072194,1700643062.5502777,1,1700643054.5261621,1700643052.8269606,True,66211840.0,1700643054.5060632,1700643059.5102053,5.00414205,5.0,0.0,67223552.0,1700643059.513131,5.0677681,1700643063.39495,0
1700643052.7535255,0.042067,10304,753,0.027962,0,0.072194,1700643062.5560842,1,1700643054.9450877,1700643052.8269606,True,66211840.0,1700643054.5010865,1700643059.5055745,5.00448799,5.0,0.0,67248128.0,1700643059.5088773,5.06305885,1700643063.3897104,0
1700643052.7535255,0.042067,10304,753,0.027962,0,0.072194,1700643062.5798974,1,1700643054.850309,1700643052.8269606,True,66211840.0,1700643054.5244255,1700643059.5255775,5.0011518,5.0,0.0,67223552.0,1700643059.5289702,5.0819509,1700643063.3867884,0
1700643052.7535255,0.042067,10304,753,0.027962,0,0.072194,1700643062.585644,1,1700643054.4713378,1700643052.8269606,True,66211840.0,1700643054.499492,1700643059.501745,5.00225306,5.0,0.0,67223552.0,1700643059.5055797,5.05795145,1700643063.388743,0
1700643052.7535255,0.042067,10304,753,0.027962,0,0.072194,1700643062.6084228,1,1700643054.465436,1700643052.8269606,True,66211840.0,1700643054.4997623,1700643059.501582,5.00181961,5.0,0.0,67223552.0,1700643059.5055888,5.05539632,1700643063.3961172,0
1700643052.7535255,0.042067,10304,753,0.027962,0,0.072194,1700643062.5601482,1,1700643054.7305171,1700643052.8269606,True,66211840.0,1700643054.5197148,1700643059.5215795,5.00186491,5.0,0.0,67223552.0,1700643059.5243838,5.07343292,1700643063.3923404,0
1700643052.7535255,0.042067,10304,753,0.027962,0,0.072194,1700643062.5777326,1,1700643054.7791414,1700643052.8269606,True,66215936.0,1700643054.5108898,1700643059.5135846,5.00269485,5.0,0.0,67227648.0,1700643059.516534,5.06341195,1700643063.395706,0
1700643052.7535255,0.042067,10304,753,0.027962,0,0.072194,1700643062.587849,1,1700643054.884396,1700643052.8269606,True,66207744.0,1700643054.5665493,1700643059.5695798,5.00303054,5.0,0.0,67219456.0,1700643059.5730686,5.05648184,1700643063.3933632,0
1700643052.7535255,0.042067,10304,753,0.027962,0,0.072194,1700643062.5958574,1,1700643054.8370774,1700643052.8269606,True,66207744.0,1700643054.5890894,1700643059.593749,5.00465965,5.0,0.0,67219456.0,1700643059.5963902,5.07768846,1700643063.3951209,0
1700643052.7535255,0.042067,10304,753,0.027962,0,0.072194,1700643062.5622282,1,1700643054.4928794,1700643052.8269606,True,66207744.0,1700643054.5864975,1700643059.591561,5.00506353,5.0,0.0,67219456.0,1700643059.5947978,5.07454348,1700643063.400012,0
1700643052.7535255,0.042067,10304,753,0.027962,0,0.072194,1700643062.5719714,1,1700643054.7610438,1700643052.8269606,True,66207744.0,1700643054.5790071,1700643059.5815828,5.00257564,5.0,0.0,67215360.0,1700643059.5846334,5.06293893,1700643063.399226,0
1700643052.7535255,0.042067,10304,753,0.027962,0,0.072194,1700643062.5819457,1,1700643054.5294404,1700643052.8269606,True,66215936.0,1700643054.573074,1700643059.577582,5.00450778,5.0,0.0,67223552.0,1700643059.5809472,5.05779195,1700643063.4061506,0
1700643052.7535255,0.042067,10304,753,0.027962,0,0.072194,1700643062.569935,1,1700643054.4407537,1700643052.8269606,True,66211840.0,1700643054.5741448,1700643059.5775795,5.00343466,5.0,0.0,67223552.0,1700643059.581043,5.05600858,1700643063.4048553,0
1700643052.7535255,0.042067,10304,753,0.027962,0,0.072194,1700643062.564596,1,1700643054.8829377,1700643052.8269606,True,66215936.0,1700643054.5756843,1700643059.5775826,5.00189805,5.0,0.0,67227648.0,1700643059.5812044,5.0534749,1700643063.4142752,0
1700643052.7535255,0.042067,10304,753,0.027962,0,0.072194,1700643062.6030874,1,1700643054.6602662,1700643052.8269606,True,66215936.0,1700643054.57935,1700643059.581575,5.00222492,5.0,0.0,67227648.0,1700643059.5846062,5.05423117,1700643063.414873,0
1700643052.7535255,0.042067,10304,753,0.027962,0,0.072194,1700643062.5937092,1,1700643054.8480666,1700643052.8269606,True,66215936.0,1700643054.6012938,1700643059.605571,5.00427723,5.0,0.0,67227648.0,1700643059.608806,5.07740808,1700643063.4104726,0
1700643052.7535255,0.042067,10304,753,0.027962,0,0.072194,1700643062.575649,1,1700643054.6511292,1700643052.8269606,True,66215936.0,1700643054.601745,1700643059.6068196,5.00507474,5.0,0.0,67227648.0,1700643059.6096113,5.07727504,1700643063.4161544,0
1700643052.7535255,0.042067,10304,753,0.027962,0,0.072194,1700643062.598138,1,1700643054.4935014,1700643052.8269606,True,66215936.0,1700643054.5840335,1700643059.5855808,5.00154734,5.0,0.0,67227648.0,1700643059.58834,5.05313492,1700643063.4180324,0
1700643052.7535255,0.042067,10304,753,0.027962,0,0.072194,1700643062.6052833,1,1700643054.5808125,1700643052.8269606,True,66215936.0,1700643054.5948143,1700643059.5998738,5.00505924,5.0,0.0,67227648.0,1700643059.602794,5.06697202,1700643063.4154022,0
1700643052.7535255,0.042067,10304,753,0.027962,0,0.072194,1700643062.589991,1,1700643054.519391,1700643052.8269606,True,66002944.0,1700643054.608389,1700643059.6109178,5.00252914,5.0,0.0,67203072.0,1700643059.6149194,5.06800032,1700643063.4115107,0
1700643052.7535255,0.042067,10304,753,0.027962,0,0.072194,1700643062.6111226,1,1700643054.9120736,1700643052.8269606,True,66002944.0,1700643054.6059122,1700643059.610922,5.00500989,5.0,0.0,67203072.0,1700643059.614922,5.06597638,1700643063.417436,0
1700643052.7535255,0.042067,10304,753,0.027962,0,0.072194,1700643062.6425705,1,1700643055.01885,1700643052.8269606,True,66002944.0,1700643054.6173348,1700643059.6189177,5.00158262,5.0,0.0,67203072.0,1700643059.6218174,5.05963707,1700643063.4273102,0
1700643052.7535255,0.042067,10304,753,0.027962,0,0.072194,1700643062.6011138,1,1700643054.9975276,1700643052.8269606,True,66011136.0,1700643054.633055,1700643059.6342874,5.00123239,5.0,0.0,67207168.0,1700643059.637482,5.0644846,1700643063.4207373,0
1700643052.7535255,0.042067,10304,753,0.027962,0,0.072194,1700643062.6180348,1,1700643054.5274541,1700643052.8269606,True,66002944.0,1700643054.6292336,1700643059.6342895,5.00505614,5.0,0.0,67203072.0,1700643059.6374862,5.06411099,1700643063.4275749,0
1700643052.7535255,0.042067,10304,753,0.027962,0,0.072194,1700643062.6306071,1,1700643054.570061,1700643052.8269606,True,66007040.0,1700643054.6366928,1700643059.638916,5.00222325,5.0,0.0,67207168.0,1700643059.641652,5.06794119,1700643063.429733,0
1700643052.7535255,0.042067,10304,753,0.027962,0,0.072194,1700643062.635539,1,1700643054.4946275,1700643052.8269606,True,66011136.0,1700643054.6261697,1700643059.629011,5.00284123,5.0,0.0,67211264.0,1700643059.6318724,5.05806255,1700643063.428861,0
1700643052.7535255,0.042067,10304,753,0.027962,0,0.072194,1700643062.6260388,1,1700643054.6569936,1700643052.8269606,True,66011136.0,1700643054.6285486,1700643059.6336012,5.00505257,5.0,0.0,67211264.0,1700643059.6363883,5.0622499,1700643063.4279113,0
1700643052.7535255,0.042067,10304,753,0.027962,0,0.072194,1700643062.6566212,1,1700643054.742366,1700643052.8269606,True,66011136.0,1700643054.6388483,1700643059.643899,5.00505042,5.0,0.0,67211264.0,1700643059.6473196,5.0730238,1700643063.4303806,0
1700643052.7535255,0.042067,10304,753,0.027962,0,0.072194,1700643062.6243756,1,1700643054.502757,1700643052.8269606,True,66011136.0,1700643054.6464956,1700643059.6509185,5.0044229,5.0,0.0,67194880.0,1700643059.6538415,5.07890129,1700643063.4324455,0
1700643052.7535255,0.042067,10304,753,0.027962,0,0.072194,1700643062.6587057,1,1700643054.9079044,1700643052.8269606,True,66011136.0,1700643054.635013,1700643059.6400683,5.00505543,5.0,0.0,67211264.0,1700643059.6429234,5.0676887,1700643063.4313388,0
1700643052.7535255,0.042067,10304,753,0.027962,0,0.072194,1700643062.641314,1,1700643054.7204745,1700643052.8269606,True,66011136.0,1700643054.6495998,1700643059.6546528,5.00505304,5.0,0.0,67211264.0,1700643059.65771,5.08220339,1700643063.4319675,0
1700643052.7535255,0.042067,10304,753,0.027962,0,0.072194,1700643062.6135163,1,1700643054.5890436,1700643052.8269606,True,66195456.0,1700643054.2547626,1700643059.2598145,5.00505161,5.0,0.0,67227648.0,1700643059.2629166,5.08288217,1700643063.4315586,0
1700643052.7535255,0.042067,10304,753,0.027962,0,0.072194,1700643062.6498232,1,1700643054.331187,1700643052.8269606,True,66195456.0,1700643054.267066,1700643059.2709124,5.00384641,5.0,0.0,67227648.0,1700643059.274106,5.09252977,1700643063.430823,0
1700643052.7535255,0.042067,10304,753,0.027962,0,0.072194,1700643062.640286,1,1700643054.2774148,1700643052.8269606,True,66195456.0,1700643054.2728937,1700643059.2749114,5.00201774,5.0,0.0,67227648.0,1700643059.279407,5.09618378,1700643063.432276,0
1700643052.7535255,0.042067,10304,753,0.027962,0,0.072194,1700643062.6156795,1,1700643054.483933,1700643052.8269606,True,66191360.0,1700643054.251331,1700643059.2564032,5.00507212,5.0,0.0,67223552.0,1700643059.2600653,5.07537198,1700643063.4318008,0
1700643052.7535255,0.042067,10304,753,0.027962,0,0.072194,1700643062.6411843,1,1700643054.6010253,1700643052.8269606,True,66203648.0,1700643054.2646585,1700643059.2669148,5.00225639,5.0,0.0,67231744.0,1700643059.2697744,5.08351755,1700643063.4342349,0
1700643052.7535255,0.042067,10304,753,0.027962,0,0.072194,1700643062.6435351,1,1700643054.287102,1700643052.8269606,True,66199552.0,1700643054.2580116,1700643059.2629206,5.00490904,5.0,0.0,67231744.0,1700643059.2659764,5.0779624,1700643063.432613,0
1700643052.7535255,0.042067,10304,753,0.027962,0,0.072194,1700643062.621062,1,1700643054.210405,1700643052.8269606,True,66203648.0,1700643054.2704506,1700643059.2749112,5.00446057,5.0,0.0,67235840.0,1700643059.2793837,5.08962154,1700643063.4327588,0
1700643052.7535255,0.042067,10304,753,0.027962,0,0.072194,1700643062.656345,1,1700643054.493413,1700643052.8269606,True,66203648.0,1700643054.2718904,1700643059.27492,5.00302958,5.0,0.0,67235840.0,1700643059.2790442,5.08755088,1700643063.433329,0
1700643052.7535255,0.042067,10304,753,0.027962,0,0.072194,1700643062.6327596,1,1700643054.5150497,1700643052.8269606,True,66203648.0,1700643054.259905,1700643059.2649598,5.00505471,5.0,0.0,67235840.0,1700643059.2679734,5.07490182,1700643063.4339962,0
1700643052.7535255,0.042067,10304,753,0.027962,0,0.072194,1700643062.6554835,1,1700643054.2552516,1700643052.8269606,True,66203648.0,1700643054.270145,1700643059.2749236,5.00477862,5.0,0.0,67235840.0,1700643059.278746,5.08391285,1700643063.4330275,0
1700643052.7535255,0.042067,10304,753,0.027962,0,0.072194,1700643062.6283827,1,1700643054.5168898,1700643052.8269606,True,66203648.0,1700643054.2668593,1700643059.2709124,5.00405312,5.0,0.0,67235840.0,1700643059.2741373,5.0774343,1700643063.434598,0
1700643052.7535255,0.042067,10304,753,0.027962,0,0.072194,1700643062.6393642,1,1700643054.3007405,1700643052.8269606,True,66203648.0,1700643054.2727473,1700643059.2749114,5.00216413,5.0,0.0,67235840.0,1700643059.2784023,5.0797646,1700643063.456836,0
1700643052.7535255,0.042067,10304,753,0.027962,0,0.072194,1700643062.646364,1,1700643054.7781374,1700643052.8269606,True,66002944.0,1700643054.6567984,1700643059.6618514,5.00505304,5.0,0.0,67514368.0,1700643059.66483,5.08256364,1700643063.4349103,0
1700643052.7535255,0.042067,10304,753,0.027962,0,0.072194,1700643062.6455045,1,1700643054.9040074,1700643052.8269606,True,66002944.0,1700643054.6553628,1700643059.6589143,5.00355148,5.0,0.0,67448832.0,1700643059.6619682,5.07686734,1700643063.4337635,0
1700643052.7535255,0.042067,10304,753,0.027962,0,0.072194,1700643062.6376364,1,1700643054.7236636,1700643052.8269606,True,66002944.0,1700643054.670601,1700643059.6749222,5.00432158,5.0,0.0,67645440.0,1700643059.6778324,5.09161282,1700643063.435336,0
1700643052.7535255,0.042067,10304,753,0.027962,0,0.072194,1700643062.6553752,1,1700643054.5303464,1700643052.8269606,True,65933312.0,1700643054.6462903,1700643059.6513462,5.00505567,5.0,0.0,67137536.0,1700643059.6553946,5.06759143,1700643063.437384,0
1700643052.7535255,0.042067,10304,753,0.027962,0,0.072194,1700643062.6532946,1,1700643054.9898157,1700643052.8269606,True,65970176.0,1700643054.6462166,1700643059.651091,5.00487447,5.0,0.0,67411968.0,1700643059.6553502,5.06668162,1700643063.435109,0
1700643052.7535255,0.042067,10304,753,0.027962,0,0.072194,1700643062.651718,1,1700643054.6634612,1700643052.8269606,True,65994752.0,1700643054.645947,1700643059.6509175,5.00497055,5.0,0.0,67493888.0,1700643059.654172,5.06370902,1700643063.4370005,0
1700643052.7535255,0.042067,10304,753,0.027962,0,0.072194,1700643062.6480763,1,1700643054.7846012,1700643052.8269606,True,66011136.0,1700643054.6493554,1700643059.6509228,5.00156736,5.0,0.0,67641344.0,1700643059.6555135,5.06319618,1700643063.4375458,0
1700643052.7535255,0.042067,10304,753,0.027962,0,0.072194,1700643062.6541257,1,1700643055.0174212,1700643052.8269606,True,66011136.0,1700643054.6464827,1700643059.6509137,5.00443101,5.0,0.0,67510272.0,1700643059.6551073,5.06107712,1700643063.4366102,0
1700643052.7535255,0.042067,10304,753,0.027962,0,0.072194,1700643062.659598,1,1700643054.7266626,1700643052.8269606,True,66011136.0,1700643054.6514711,1700643059.6565232,5.00505209,5.0,0.0,67653632.0,1700643059.6600466,5.06455493,1700643063.437214,0
1700643052.7535255,0.042067,10304,753,0.027962,0,0.072194,1700643062.6489606,1,1700643054.982306,1700643052.8269606,True,66011136.0,1700643054.649656,1700643059.6498792,5.00022316,5.0,0.0,67457024.0,1700643059.6535687,5.0565002,1700643063.4376976,0
1700643052.7535255,0.042067,10304,753,0.027962,0,0.072194,1700643062.657755,1,1700643054.526567,1700643052.8269606,True,66011136.0,1700643054.6698394,1700643059.6709173,5.00107789,5.0,0.0,67653632.0,1700643059.6737251,5.07545614,1700643063.4380329,0
1700643052.7535255,0.042067,10304,753,0.027962,0,0.072194,1700643062.6883402,1,1700643054.9633932,1700643052.8269606,True,66011136.0,1700643054.6560931,1700643059.6611502,5.0050571,5.0,0.0,67399680.0,1700643059.6638117,5.06428719,1700643063.439656,0
1700643052.7535255,0.042067,10304,753,0.027962,0,0.072194,1700643062.6618414,1,1700643054.6833556,1700643052.8269606,True,66150400.0,1700643054.7656207,1700643059.77068,5.00505924,5.0,0.0,67088384.0,1700643059.7744057,5.06247306,1700643063.440639,0
1700643052.7535255,0.042067,10304,753,0.027962,0,0.072194,1700643062.7646418,1,1700643054.8042865,1700643052.8269606,True,66150400.0,1700643054.7690156,1700643059.7709234,5.00190783,5.0,0.0,67088384.0,1700643059.7741911,5.06045198,1700643063.44011,0
1700643052.7535255,0.042067,10304,753,0.027962,0,0.072194,1700643062.7057774,1,1700643055.046432,1700643052.8269606,True,66150400.0,1700643054.7946296,1700643059.794748,5.00011849,5.0,0.0,67088384.0,1700643059.797549,5.08244395,1700643063.4391673,0
1700643052.7535255,0.042067,10304,753,0.027962,0,0.072194,1700643062.7620378,1,1700643054.9620914,1700643052.8269606,True,66150400.0,1700643054.7691438,1700643059.7696946,5.00055075,5.0,0.0,67084288.0,1700643059.773305,5.05688024,1700643063.4424658,0
1700643052.7535255,0.042067,10304,753,0.027962,0,0.072194,1700643062.7008207,1,1700643054.800564,1700643052.8269606,True,66158592.0,1700643054.7865546,1700643059.791608,5.00505352,5.0,0.0,67092480.0,1700643059.794355,5.0769794,1700643063.4415965,0
1700643052.7535255,0.042067,10304,753,0.027962,0,0.072194,1700643062.7212317,1,1700643054.839144,1700643052.8269606,True,66154496.0,1700643054.7739005,1700643059.7789214,5.0050211,5.0,0.0,67092480.0,1700643059.7821205,5.06293559,1700643063.4422858,0
1700643052.7535255,0.042067,10304,753,0.027962,0,0.072194,1700643062.7346058,1,1700643054.7080336,1700643052.8269606,True,66158592.0,1700643054.7695916,1700643059.770919,5.00132775,5.0,0.0,67096576.0,1700643059.7743134,5.05378342,1700643063.4430463,0
1700643052.7535255,0.042067,10304,753,0.027962,0,0.072194,1700643062.7156825,1,1700643055.106946,1700643052.8269606,True,66158592.0,1700643054.7795074,1700643059.7829187,5.00341129,5.0,0.0,67096576.0,1700643059.785981,5.06407213,1700643063.4429016,0
1700643052.7535255,0.042067,10304,753,0.027962,0,0.072194,1700643062.7246685,1,1700643054.9800317,1700643052.8269606,True,66158592.0,1700643054.7717786,1700643059.7749178,5.00313926,5.0,0.0,67096576.0,1700643059.7776403,5.0540092,1700643063.4431877,0
1700643052.7535255,0.042067,10304,753,0.027962,0,0.072194,1700643062.7078636,1,1700643054.7389672,1700643052.8269606,True,66158592.0,1700643054.7723956,1700643059.7774484,5.0050528,5.0,0.0,67096576.0,1700643059.7804842,5.05540776,1700643063.4689507,0
1700643052.7535255,0.042067,10304,753,0.027962,0,0.072194,1700643062.719077,1,1700643054.8777237,1700643052.8269606,True,66158592.0,1700643054.7977538,1700643059.79895,5.00119615,5.0,0.0,67096576.0,1700643059.801678,5.07473016,1700643063.4426637,0
1700643052.7535255,0.042067,10304,753,0.027962,0,0.072194,1700643062.7118633,1,1700643054.9435527,1700643052.8269606,True,66162688.0,1700643054.7837455,1700643059.7869222,5.00317669,5.0,0.0,67096576.0,1700643059.7895951,5.06039572,1700643063.4684358,0
1700643052.7535255,0.042067,10304,753,0.027962,0,0.072194,1700643062.7225697,1,1700643054.9496417,1700643052.8269606,True,66220032.0,1700643054.804996,1700643059.807391,5.00239491,5.0,0.0,67088384.0,1700643059.811083,5.06579542,1700643063.444023,0
1700643052.7535255,0.042067,10304,753,0.027962,0,0.072194,1700643062.7392845,1,1700643054.846493,1700643052.8269606,True,66220032.0,1700643054.8071444,1700643059.8072748,5.00013041,5.0,0.0,67088384.0,1700643059.8107069,5.06329155,1700643063.4452035,0
1700643052.7535255,0.042067,10304,753,0.027962,0,0.072194,1700643062.7862444,1,1700643054.8701386,1700643052.8269606,True,66220032.0,1700643054.80632,1700643059.8073883,5.00106835,5.0,0.0,67088384.0,1700643059.8112326,5.06200886,1700643063.4457588,0
1700643052.7535255,0.042067,10304,753,0.027962,0,0.072194,1700643062.8120098,1,1700643054.9426496,1700643052.8269606,True,66220032.0,1700643054.8123558,1700643059.8174124,5.00505662,5.0,0.0,67088384.0,1700643059.8201776,5.06903267,1700643063.4468684,0
1700643052.7535255,0.042067,10304,753,0.027962,0,0.072194,1700643062.7607262,1,1700643055.0558598,1700643052.8269606,True,66228224.0,1700643054.8122585,1700643059.8173108,5.00505233,5.0,0.0,67092480.0,1700643059.8201346,5.06743288,1700643063.4464762,0
1700643052.7535255,0.042067,10304,753,0.027962,0,0.072194,1700643062.7554152,1,1700643054.8636203,1700643052.8269606,True,66224128.0,1700643054.805292,1700643059.8073833,5.00209117,5.0,0.0,67092480.0,1700643059.8109996,5.05696058,1700643063.4473362,0
1700643052.7535255,0.042067,10304,753,0.027962,0,0.072194,1700643062.7378938,1,1700643054.8220441,1700643052.8269606,True,66228224.0,1700643054.8314662,1700643059.8353934,5.00392723,5.0,0.0,67096576.0,1700643059.8379354,5.08224845,1700643063.4477196,0
1700643052.7535255,0.042067,10304,753,0.027962,0,0.072194,1700643062.732512,1,1700643054.6997352,1700643052.8269606,True,66228224.0,1700643054.8072147,1700643059.812268,5.00505328,5.0,0.0,67096576.0,1700643059.8149865,5.05731511,1700643063.4497037,0
1700643052.7535255,0.042067,10304,753,0.027962,0,0.072194,1700643062.7269795,1,1700643055.1008718,1700643052.8269606,True,66228224.0,1700643054.812667,1700643059.814039,5.00137234,5.0,0.0,67096576.0,1700643059.8169537,5.05726838,1700643063.453166,0
1700643052.7535255,0.042067,10304,753,0.027962,0,0.072194,1700643062.7433603,1,1700643054.6680975,1700643052.8269606,True,66228224.0,1700643054.8076143,1700643059.812663,5.00504875,5.0,0.0,67096576.0,1700643059.8152258,5.05456352,1700643063.4552183,0
1700643052.7535255,0.042067,10304,753,0.027962,0,0.072194,1700643062.7477815,1,1700643055.1939764,1700643052.8269606,True,66228224.0,1700643054.8138266,1700643059.8153896,5.00156307,5.0,0.0,67096576.0,1700643059.817941,5.05515432,1700643063.45723,0
1700643052.7535255,0.042067,10304,753,0.027962,0,0.072194,1700643062.7742274,1,1700643055.2146847,1700643052.8269606,True,66232320.0,1700643054.8208876,1700643059.8240392,5.00315166,5.0,0.0,67100672.0,1700643059.8264203,5.06189346,1700643063.4583075,0
1700643052.7535255,0.042067,10304,753,0.027962,0,0.072194,1700643062.7957215,1,1700643055.0695505,1700643052.8269606,True,65933312.0,1700643054.789441,1700643059.7913954,5.00195432,5.0,0.0,67104768.0,1700643059.7950046,5.06748056,1700643063.4587345,0
1700643052.7535255,0.042067,10304,753,0.027962,0,0.072194,1700643062.766879,1,1700643054.785874,1700643052.8269606,True,65933312.0,1700643054.7868202,1700643059.791396,5.00457573,5.0,0.0,67104768.0,1700643059.7949333,5.06627798,1700643063.4608705,0
1700643052.7535255,0.042067,10304,753,0.027962,0,0.072194,1700643062.799569,1,1700643055.1712933,1700643052.8269606,True,65937408.0,1700643054.793949,1700643059.7953842,5.00143552,5.0,0.0,67104768.0,1700643059.7992115,5.06914163,1700643063.4628792,0
1700643052.7535255,0.042067,10304,753,0.027962,0,0.072194,1700643062.772171,1,1700643055.0608768,1700643052.8269606,True,65937408.0,1700643054.7922509,1700643059.7953832,5.00313234,5.0,0.0,67104768.0,1700643059.7993045,5.06779218,1700643063.4640794,0
1700643052.7535255,0.042067,10304,753,0.027962,0,0.072194,1700643062.7912865,1,1700643055.0260518,1700643052.8269606,True,65937408.0,1700643054.7913206,1700643059.795396,5.00407529,15.0,0.0,67104768.0,1700643059.7982457,5.06532097,1700643063.4646964,0
1700643052.7535255,0.042067,10304,753,0.027962,0,0.072194,1700643062.7583585,1,1700643054.8227072,1700643052.8269606,True,65937408.0,1700643054.7921124,1700643059.7953851,5.00327277,15.0,0.0,67108864.0,1700643059.7990274,5.06426263,1700643063.4644313,0
1700643052.7535255,0.042067,10304,753,0.027962,0,0.072194,1700643062.7456672,1,1700643055.063289,1700643052.8269606,True,65941504.0,1700643054.7947526,1700643059.799815,5.00506234,15.0,0.0,67112960.0,1700643059.8024766,5.06573319,1700643063.466998,0
1700643052.7535255,0.042067,10304,753,0.027962,0,0.072194,1700643062.7943263,1,1700643054.8515851,1700643052.8269606,True,65941504.0,1700643054.792567,1700643059.7953866,5.00281954,15.0,0.0,67112960.0,1700643059.7987835,5.06004381,1700643063.465516,0
1700643052.7535255,0.042067,10304,753,0.027962,0,0.072194,1700643062.750785,1,1700643054.877734,1700643052.8269606,True,65941504.0,1700643054.8012254,1700643059.8033872,5.00216174,15.0,0.0,67112960.0,1700643059.805831,5.06624484,1700643063.4435709,0
1700643052.7535255,0.042067,10304,753,0.027962,0,0.072194,1700643062.8103752,1,1700643055.1490974,1700643052.8269606,True,65941504.0,1700643054.8349044,1700643059.8393865,5.00448203,15.0,0.0,67112960.0,1700643059.841804,5.10074759,1700643063.4705875,0
1700643052.7535255,0.042067,10304,753,0.027962,0,0.072194,1700643062.7530437,1,1700643055.1958532,1700643052.8269606,True,65941504.0,1700643054.8087292,1700643059.8113928,5.00266361,15.0,0.0,67112960.0,1700643059.8141289,5.07081389,1700643063.4701426,0
1700643052.7535255,0.042067,10304,753,0.027962,0,0.072194,1700643062.816045,1,1700643055.099527,1700643052.8269606,True,65945600.0,1700643054.7986383,1700643059.8036962,5.00505781,15.0,0.0,67117056.0,1700643059.8062618,5.06143332,1700643063.4719083,0
1700643052.7535255,0.042067,10304,753,0.027962,0,0.072194,1700643062.7801695,1,1700643054.7907329,1700643052.8269606,True,66158592.0,1700643054.4062402,1700643059.411304,5.00506377,15.0,0.0,67252224.0,1700643059.4139924,5.08469844,1700643063.472062,0
1700643052.7535255,0.042067,10304,753,0.027962,0,0.072194,1700643062.784536,1,1700643054.4076822,1700643052.8269606,True,66158592.0,1700643054.4079802,1700643059.413037,5.00505686,15.0,0.0,67309568.0,1700643059.415668,5.08486819,1700643063.491535,0
1700643052.7535255,0.042067,10304,753,0.027962,0,0.072194,1700643062.7692924,1,1700643054.773157,1700643052.8269606,True,66158592.0,1700643054.4123993,1700643059.41745,5.00505066,15.0,0.0,67219456.0,1700643059.4200282,5.08759403,1700643063.4737191,0
1700643052.7535255,0.042067,10304,753,0.027962,0,0.072194,1700643062.8089287,1,1700643054.6857383,1700643052.8269606,True,66166784.0,1700643054.42701,1700643059.4320655,5.00505567,15.0,0.0,67194880.0,1700643059.434647,5.10072851,1700643063.4756856,0
1700643052.7535255,0.042067,10304,753,0.027962,0,0.072194,1700643062.77811,1,1700643054.3971024,1700643052.8269606,True,66166784.0,1700643054.4151788,1700643059.4202416,5.00506282,15.0,0.0,67223552.0,1700643059.422715,5.08730078,1700643063.4760804,0
1700643052.7535255,0.042067,10304,753,0.027962,0,0.072194,1700643062.7825303,1,1700643054.5687385,1700643052.8269606,True,66162688.0,1700643054.3940778,1700643059.3991406,5.00506282,15.0,0.0,67313664.0,1700643059.402389,5.06523013,1700643063.4742937,0
1700643052.7535255,0.042067,10304,753,0.027962,0,0.072194,1700643062.8266776,1,1700643054.533026,1700643052.8269606,True,66166784.0,1700643054.410947,1700643059.4160128,5.00506544,15.0,0.0,67194880.0,1700643059.4185526,5.07937551,1700643063.4749668,0
1700643052.7535255,0.042067,10304,753,0.027962,0,0.072194,1700643062.8220222,1,1700643054.6524663,1700643052.8269606,True,66166784.0,1700643054.4106572,1700643059.4157114,5.00505424,15.0,0.0,67149824.0,1700643059.418328,5.07736778,1700643063.4763489,0
1700643052.7535255,0.042067,10304,753,0.027962,0,0.072194,1700643062.807454,1,1700643054.8104515,1700643052.8269606,True,66166784.0,1700643054.4128776,1700643059.4179285,5.0050509,15.0,0.0,67170304.0,1700643059.4205787,5.0779531,1700643063.4764948,0
1700643052.7535255,0.042067,10304,753,0.027962,0,0.072194,1700643062.8258035,1,1700643054.7372231,1700643052.8269606,True,66166784.0,1700643054.4199226,1700643059.4233837,5.00346088,15.0,0.0,67170304.0,1700643059.4259722,5.08121276,1700643063.4766424,0
1700643052.7535255,0.042067,10304,753,0.027962,0,0.072194,1700643062.805158,1,1700643054.2808764,1700643052.8269606,True,66166784.0,1700643054.42038,1700643059.4254346,5.00505471,15.0,0.0,67194880.0,1700643059.427925,5.08175778,1700643063.476783,0
1700643052.7535255,0.042067,10304,753,0.027962,0,0.072194,1700643062.8170922,1,1700643054.41092,1700643052.8269606,True,66170880.0,1700643054.422744,1700643059.4278004,5.00505638,15.0,0.0,67231744.0,1700643059.4302945,5.08219886,1700643063.478053,0
1700643052.7535255,0.042067,10304,753,0.027962,0,0.072194,1700643062.7889674,1,1700643054.859023,1700643052.8269606,True,66195456.0,1700643054.526862,1700643059.530915,5.00405312,15.0,0.0,67227648.0,1700643059.533495,5.09529567,1700643063.4770412,0
1700643052.7535255,0.042067,10304,753,0.027962,0,0.072194,1700643062.8020132,1,1700643054.7442865,1700643052.8269606,True,66199552.0,1700643054.5177846,1700643059.5228505,5.00506592,15.0,0.0,67231744.0,1700643059.5255404,5.08435273,1700643063.4778876,0
1700643052.7535255,0.042067,10304,753,0.027962,0,0.072194,1700643062.8150506,1,1700643054.857553,1700643052.8269606,True,66199552.0,1700643054.5306134,1700643059.53539,5.00477672,15.0,0.0,67231744.0,1700643059.5383213,5.09595346,1700643063.4773424,0
1700643052.7535255,0.042067,10304,753,0.027962,0,0.072194,1700643062.8139477,1,1700643054.344307,1700643052.8269606,True,66199552.0,1700643054.5218315,1700643059.5222664,5.00043488,15.0,0.0,67231744.0,1700643059.5253646,5.0813148,1700643063.4784873,0
1700643052.7535255,0.042067,10304,753,0.027962,0,0.072194,1700643062.835264,1,1700643054.3554814,1700643052.8269606,True,66203648.0,1700643054.5314996,1700643059.5320404,5.00054073,15.0,0.0,67231744.0,1700643059.5345938,5.08877659,1700643063.4782534,0
1700643052.7535255,0.042067,10304,753,0.027962,0,0.072194,1700643062.8285682,1,1700643054.901329,1700643052.8269606,True,66199552.0,1700643054.5483043,1700643059.5533636,5.00505924,15.0,0.0,67231744.0,1700643059.555843,5.10817146,1700643063.479319,0
1700643052.7535255,0.042067,10304,753,0.027962,0,0.072194,1700643062.832902,1,1700643054.7219648,1700643052.8269606,True,66203648.0,1700643054.5471067,1700643059.5513864,5.00427961,15.0,0.0,67235840.0,1700643059.5538046,5.09959459,1700643063.4790168,0
1700643052.7535255,0.042067,10304,753,0.027962,0,0.072194,1700643062.82523,1,1700643054.7819448,1700643052.8269606,True,66203648.0,1700643054.5411637,1700643059.5433884,5.00222468,15.0,0.0,67235840.0,1700643059.54577,5.0912745,1700643063.4800732,0
1700643052.7535255,0.042067,10304,753,0.027962,0,0.072194,1700643062.8140976,1,1700643054.8067632,1700643052.8269606,True,66207744.0,1700643054.533585,1700643059.5353897,5.00180459,15.0,0.0,67239936.0,1700643059.538094,5.08289671,1700643063.480761,0
1700643052.7535255,0.042067,10304,753,0.027962,0,0.072194,1700643062.81832,1,1700643054.621223,1700643052.8269606,True,66207744.0,1700643054.559091,1700643059.563385,5.00429392,15.0,0.0,67239936.0,1700643059.5657804,5.10553265,1700643063.481104,0
1700643052.7535255,0.042067,10304,753,0.027962,0,0.072194,1700643062.8181417,1,1700643054.5550556,1700643052.8269606,True,66207744.0,1700643054.5806062,1700643059.5833876,5.00278139,15.0,0.0,67239936.0,1700643059.5859115,5.12422657,1700643063.4825118,0
1700643052.7535255,0.042067,10304,753,0.027962,0,0.072194,1700643062.8342853,1,1700643054.8889167,1700643052.8269606,True,66203648.0,1700643054.5376692,1700643059.5393946,5.00172544,15.0,0.0,67235840.0,1700643059.541831,5.0674994,1700643063.481969,0
1700643052.7535255,0.042067,10304,753,0.027962,0,0.072194,1700643062.824373,1,1700643054.7720082,1700643052.8269606,True,66068480.0,1700643054.5468564,1700643059.5519135,5.0050571,15.0,0.0,67223552.0,1700643059.554962,5.08206534,1700643063.4823682,0
1700643052.7535255,0.042067,10304,753,0.027962,0,0.072194,1700643062.8460996,1,1700643054.6556432,1700643052.8269606,True,66068480.0,1700643054.555181,1700643059.5602338,5.0050528,15.0,0.0,67223552.0,1700643059.56292,5.08819079,1700643063.4814515,0
1700643052.7535255,0.042067,10304,753,0.027962,0,0.072194,1700643062.8237677,1,1700643054.6033783,1700643052.8269606,True,66068480.0,1700643054.555284,1700643059.5572605,5.00197649,15.0,0.0,67223552.0,1700643059.5599265,5.08323574,1700643063.4829636,0
1700643052.7535255,0.042067,10304,753,0.027962,0,0.072194,1700643062.821906,1,1700643054.860447,1700643052.8269606,True,66076672.0,1700643054.556424,1700643059.558431,5.00200653,15.0,0.0,67227648.0,1700643059.560987,5.08042765,1700643063.48277,0
1700643052.7535255,0.042067,10304,753,0.027962,0,0.072194,1700643062.827567,1,1700643054.6182795,1700643052.8269606,True,66076672.0,1700643054.5753157,1700643059.5772638,5.00194836,15.0,0.0,67231744.0,1700643059.579736,5.09719539,1700643063.4833736,0
1700643052.7535255,0.042067,10304,753,0.027962,0,0.072194,1700643062.8305066,1,1700643054.6942658,1700643052.8269606,True,66076672.0,1700643054.5648406,1700643059.5692587,5.00441813,15.0,0.0,67231744.0,1700643059.5719006,5.08731151,1700643063.4840145,0
1700643052.7535255,0.042067,10304,753,0.027962,0,0.072194,1700643062.83025,1,1700643054.5607207,1700643052.8269606,True,66076672.0,1700643054.60268,1700643059.6052618,5.00258183,15.0,0.0,67231744.0,1700643059.60768,5.12118697,1700643063.4860632,0
1700643052.7535255,0.042067,10304,753,0.027962,0,0.072194,1700643062.8317375,1,1700643054.8676896,1700643052.8269606,True,66076672.0,1700643054.5730393,1700643059.5780892,5.00504994,15.0,0.0,67231744.0,1700643059.5805628,5.0921216,1700643063.4845767,0
1700643052.7535255,0.042067,10304,753,0.027962,0,0.072194,1700643062.8367658,1,1700643054.9485562,1700643052.8269606,True,66076672.0,1700643054.5676546,1700643059.569259,5.00160432,15.0,0.0,67231744.0,1700643059.5720632,5.08176899,1700643063.486498,0
1700643052.7535255,0.042067,10304,753,0.027962,0,0.072194,1700643062.8967855,1,1700643054.7008212,1700643052.8269606,True,66076672.0,1700643054.5586915,1700643059.5637393,5.00504756,15.0,0.0,67231744.0,1700643059.5662484,5.07386565,1700643063.4863236,0
1700643052.7535255,0.042067,10304,753,0.027962,0,0.072194,1700643062.8853714,1,1700643054.456736,1700643052.8269606,True,66084864.0,1700643054.578363,1700643059.581262,5.00289893,15.0,0.0,67239936.0,1700643059.5837536,5.08710575,1700643063.487739,0
1700643052.7535255,0.042067,10304,753,0.027962,0,0.072194,1700643062.881191,1,1700643054.730313,1700643052.8269606,True,66076672.0,1700643054.574221,1700643059.5792687,5.00504804,15.0,0.0,67227648.0,1700643059.581669,5.07179213,1700643063.487146,0
1700643052.7535255,0.042067,10304,753,0.027962,0,0.072194,1700643062.89135,1,1700643054.693972,1700643052.8269606,True,65937408.0,1700643054.425015,1700643059.4300635,5.00504875,15.0,0.0,67108864.0,1700643059.43253,5.09168959,1700643063.4879854,0
1700643052.7535255,0.042067,10304,753,0.027962,0,0.072194,1700643062.8833537,1,1700643054.7338943,1700643052.8269606,True,65937408.0,1700643054.47152,1700643059.4732618,5.00174189,15.0,0.0,67108864.0,1700643059.4756508,5.13282013,1700643063.4888985,0
1700643052.7535255,0.042067,10304,753,0.027962,0,0.072194,1700643062.8875146,1,1700643054.7967632,1700643052.8269606,True,65937408.0,1700643054.4321904,1700643059.4338987,5.00170827,15.0,0.0,67108864.0,1700643059.4363968,5.09185982,1700643063.489359,0
1700643052.7535255,0.042067,10304,753,0.027962,0,0.072194,1700643062.9013846,1,1700643054.7934015,1700643052.8269606,True,65945600.0,1700643054.4274263,1700643059.432475,5.00504875,15.0,0.0,67112960.0,1700643059.435325,5.08937693,1700643063.489598,0
1700643052.7535255,0.042067,10304,753,0.027962,0,0.072194,1700643062.8999317,1,1700643054.8249917,1700643052.8269606,True,65945600.0,1700643054.4097106,1700643059.414772,5.00506139,15.0,0.0,67112960.0,1700643059.4180863,5.06997228,1700643063.4902585,0
1700643052.7535255,0.042067,10304,753,0.027962,0,0.072194,1700643062.9146724,1,1700643054.540632,1700643052.8269606,True,65945600.0,1700643054.427595,1700643059.4326468,5.00505185,15.0,0.0,67117056.0,1700643059.4353864,5.08561468,1700643063.490921,0
1700643052.7535255,0.042067,10304,753,0.027962,0,0.072194,1700643062.9059374,1,1700643054.6961365,1700643052.8269606,True,65945600.0,1700643054.4214337,1700643059.4264896,5.0050559,15.0,0.0,67121152.0,1700643059.429134,5.07814145,1700643063.4912615,0
1700643052.7535255,0.042067,10304,753,0.027962,0,0.072194,1700643062.9159927,1,1700643054.4779894,1700643052.8269606,True,65945600.0,1700643054.4169822,1700643059.4220347,5.00505257,15.0,0.0,67117056.0,1700643059.424989,5.07191324,1700643063.49271,0
1700643052.7535255,0.042067,10304,753,0.027962,0,0.072194,1700643062.9082818,1,1700643054.7180972,1700643052.8269606,True,65945600.0,1700643054.4379034,1700643059.4412577,5.00335431,15.0,0.0,67121152.0,1700643059.4436378,5.08907485,1700643063.491886,0
1700643052.7535255,0.042067,10304,753,0.027962,0,0.072194,1700643062.910305,1,1700643054.295026,1700643052.8269606,True,65945600.0,1700643054.416883,1700643059.421938,5.00505495,15.0,0.0,67117056.0,1700643059.424983,5.06859589,1700643063.494028,0
1700643052.7535255,0.042067,10304,753,0.027962,0,0.072194,1700643062.9288225,1,1700643054.7750556,1700643052.8269606,True,65945600.0,1700643054.4211924,1700643059.4262404,5.00504804,15.0,0.0,67121152.0,1700643059.428969,5.07051229,1700643063.493513,0
1700643052.7535255,0.042067,10304,753,0.027962,0,0.072194,1700643062.9123344,1,1700643054.3003795,1700643052.8269606,True,65953792.0,1700643054.420424,1700643059.4252682,5.00484419,15.0,0.0,67125248.0,1700643059.4277303,5.067451,1700643063.4972992,0
1700643052.7535255,0.042067,10304,753,0.027962,0,0.072194,1700643062.9459932,1,1700643055.086497,1700643052.8269606,True,66007040.0,1700643054.8124914,1700643059.817274,5.00478244,15.0,0.0,67207168.0,1700643059.8204112,5.09131455,1700643063.4992125,0
1700643052.7535255,0.042067,10304,753,0.027962,0,0.072194,1700643062.9312294,1,1700643054.824465,1700643052.8269606,True,66007040.0,1700643054.7881775,1700643059.7892702,5.00109243,15.0,0.0,67211264.0,1700643059.792866,5.06219411,1700643063.5007052,0
1700643052.7535255,0.042067,10304,753,0.027962,0,0.072194,1700643062.9608665,1,1700643055.0606794,1700643052.8269606,True,66007040.0,1700643054.8205376,1700643059.8252633,5.00472569,15.0,0.0,67211264.0,1700643059.8282592,5.09626436,1700643063.501758,0
1700643052.7535255,0.042067,10304,753,0.027962,0,0.072194,1700643062.9349244,1,1700643054.88087,1700643052.8269606,True,66011136.0,1700643054.7906733,1700643059.791927,5.00125384,15.0,0.0,67211264.0,1700643059.7944553,5.0611341,1700643063.5026312,0
1700643052.7535255,0.042067,10304,753,0.027962,0,0.072194,1700643062.9259725,1,1700643055.0990696,1700643052.8269606,True,66011136.0,1700643054.800455,1700643059.805514,5.00505877,15.0,0.0,67276800.0,1700643059.8087218,5.07418036,1700643063.503736,0
1700643052.7535255,0.042067,10304,753,0.027962,0,0.072194,1700643062.9388356,1,1700643054.8159862,1700643052.8269606,True,66015232.0,1700643054.7903943,1700643059.7954438,5.00504923,15.0,0.0,67215360.0,1700643059.798122,5.06213284,1700643063.5045972,0
1700643052.7535255,0.042067,10304,753,0.027962,0,0.072194,1700643062.918119,1,1700643055.0027952,1700643052.8269606,True,66015232.0,1700643054.7881846,1700643059.78927,5.00108528,15.0,0.0,67219456.0,1700643059.792866,5.05565166,1700643063.5062916,0
1700643052.7535255,0.042067,10304,753,0.027962,0,0.072194,1700643062.9506636,1,1700643055.1284823,1700643052.8269606,True,66015232.0,1700643054.811999,1700643059.813265,5.00126624,15.0,0.0,67215360.0,1700643059.815606,5.07695413,1700643063.509322,0
1700643052.7535255,0.042067,10304,753,0.027962,0,0.072194,1700643062.922973,1,1700643055.0813665,1700643052.8269606,True,66015232.0,1700643054.79874,1700643059.8012626,5.00252247,15.0,0.0,67215360.0,1700643059.8039732,5.0642097,1700643063.5089054,0
1700643052.7535255,0.042067,10304,753,0.027962,0,0.072194,1700643062.953516,1,1700643055.0275655,1700643052.8269606,True,66015232.0,1700643054.7989316,1700643059.8012643,5.00233269,15.0,0.0,67215360.0,1700643059.804116,5.06270051,1700643063.509482,0
1700643052.7535255,0.042067,10304,753,0.027962,0,0.072194,1700643062.9442933,1,1700643055.0768232,1700643052.8269606,True,66015232.0,1700643054.8011627,1700643059.8052611,5.00409842,15.0,0.0,67215360.0,1700643059.8077824,5.0652194,1700643063.5091796,0
1700643052.7535255,0.042067,10304,753,0.027962,0,0.072194,1700643062.9825842,1,1700643054.6446242,1700643052.8269606,True,66019328.0,1700643054.804788,1700643059.8092654,5.0044775,15.0,0.0,67219456.0,1700643059.811869,5.06777096,1700643063.5108535,0
1700643052.7535255,0.042067,10304,753,0.027962,0,0.072194,1700643062.9409056,1,1700643054.9768198,1700643052.8269606,True,66076672.0,1700643054.653097,1700643059.6581464,5.00504947,15.0,0.0,67485696.0,1700643059.6606936,5.0874393,1700643063.5121694,0
1700643052.7535255,0.042067,10304,753,0.027962,0,0.072194,1700643062.937296,1,1700643054.6286283,1700643052.8269606,True,66076672.0,1700643054.653292,1700643059.6573985,5.00410652,15.0,0.0,67297280.0,1700643059.66016,5.08494782,1700643063.5124912,0
1700643052.7535255,0.042067,10304,753,0.027962,0,0.072194,1700643062.9680898,1,1700643055.0450497,1700643052.8269606,True,66076672.0,1700643054.6272197,1700643059.6280134,5.0007937,15.0,0.0,67485696.0,1700643059.6309965,5.05452728,1700643063.5131266,0
1700643052.7535255,0.042067,10304,753,0.027962,0,0.072194,1700643062.9557202,1,1700643054.6168768,1700643052.8269606,True,66080768.0,1700643054.6390638,1700643059.6412716,5.00220776,15.0,0.0,67489792.0,1700643059.6450293,5.06730437,1700643063.5151234,0
1700643052.7535255,0.042067,10304,753,0.027962,0,0.072194,1700643062.9702213,1,1700643054.7562811,1700643052.8269606,True,66084864.0,1700643054.6520898,1700643059.657137,5.00504708,15.0,0.0,67555328.0,1700643059.65981,5.08086228,1700643063.5178628,0
1700643052.7535255,0.042067,10304,753,0.027962,0,0.072194,1700643062.9936972,1,1700643054.5660992,1700643052.8269606,True,66084864.0,1700643054.6398842,1700643059.6417198,5.00183558,15.0,0.0,67428352.0,1700643059.644724,5.06356144,1700643063.516383,0
1700643052.7535255,0.042067,10304,753,0.027962,0,0.072194,1700643062.96236,1,1700643054.7864494,1700643052.8269606,True,66084864.0,1700643054.6449516,1700643059.6492603,5.0043087,15.0,0.0,67362816.0,1700643059.6518695,5.06659198,1700643063.5176115,0
1700643052.7535255,0.042067,10304,753,0.027962,0,0.072194,1700643063.069569,1,1700643054.9695692,1700643052.8269606,True,66084864.0,1700643054.6370118,1700643059.6412716,5.00425982,15.0,0.0,67268608.0,1700643059.6444366,5.05897784,1700643063.5186598,0
1700643052.7535255,0.042067,10304,753,0.027962,0,0.072194,1700643062.9773698,1,1700643054.5092473,1700643052.8269606,True,66084864.0,1700643054.643746,1700643059.6443155,5.00056982,15.0,0.0,67428352.0,1700643059.6467648,5.06071234,1700643063.5191932,0
1700643052.7535255,0.042067,10304,753,0.027962,0,0.072194,1700643063.0055418,1,1700643055.0161352,1700643052.8269606,True,66084864.0,1700643054.6410828,1700643059.6452663,5.00418377,15.0,0.0,67305472.0,1700643059.6476898,5.05929661,1700643063.519738,0
1700643052.7535255,0.042067,10304,753,0.027962,0,0.072194,1700643062.9594831,1,1700643054.7669146,1700643052.8269606,True,66084864.0,1700643054.64564,1700643059.649268,5.00362802,15.0,0.0,67559424.0,1700643059.6526222,5.06280875,1700643063.521069,0
1700643052.7535255,0.042067,10304,753,0.027962,0,0.072194,1700643062.992174,1,1700643054.6942165,1700643052.8269606,True,66093056.0,1700643054.6498342,1700643059.6532593,5.00342512,15.0,0.0,67317760.0,1700643059.6556363,5.06406689,1700643063.5206375,0
1700643052.7535255,0.042067,10304,753,0.027962,0,0.072194,1700643062.9847777,1,1700643054.6872535,1700643052.8269606,True,66146304.0,1700643054.5350769,1700643059.5402784,5.00520158,15.0,0.0,67612672.0,1700643059.544355,5.10011315,1700643063.5207715,0
1700643052.7535255,0.042067,10304,753,0.027962,0,0.072194,1700643062.9731288,1,1700643054.7505074,1700643052.8269606,True,66146304.0,1700643054.5620546,1700643059.5665305,5.00447583,15.0,0.0,67416064.0,1700643059.57047,5.12024927,1700643063.5209198,0
1700643052.7535255,0.042067,10304,753,0.027962,0,0.072194,1700643062.981077,1,1700643054.7375321,1700643052.8269606,True,66150400.0,1700643054.5612338,1700643059.5664048,5.00517106,15.0,0.0,67616768.0,1700643059.570179,5.11703467,1700643063.521433,0
1700643052.7535255,0.042067,10304,753,0.027962,0,0.072194,1700643062.9955049,1,1700643054.508403,1700643052.8269606,True,66154496.0,1700643054.5713348,1700643059.57444,5.00310516,15.0,0.0,67616768.0,1700643059.5772762,5.12365031,1700643063.5216565,0
1700643052.7535255,0.042067,10304,753,0.027962,0,0.072194,1700643062.9899046,1,1700643054.7329519,1700643052.8269606,True,66154496.0,1700643054.5624523,1700643059.5675194,5.00506711,15.0,0.0,67620864.0,1700643059.5709925,5.10677004,1700643063.5222864,0
1700643052.7535255,0.042067,10304,753,0.027962,0,0.072194,1700643062.986867,1,1700643054.5570724,1700643052.8269606,True,66154496.0,1700643054.5913875,1700643059.594542,5.00315452,15.0,0.0,67620864.0,1700643059.5978189,5.13355756,1700643063.5219164,0
1700643052.7535255,0.042067,10304,753,0.027962,0,0.072194,1700643063.0564508,1,1700643054.5868506,1700643052.8269606,True,66154496.0,1700643054.599213,1700643059.6024487,5.00323582,15.0,0.0,67620864.0,1700643059.605414,5.1288631,1700643063.5232491,0
1700643052.7535255,0.042067,10304,753,0.027962,0,0.072194,1700643063.022006,1,1700643054.6478174,1700643052.8269606,True,66154496.0,1700643054.5796216,1700643059.5847552,5.00513363,15.0,0.0,67297280.0,1700643059.588829,5.10996866,1700643063.5234177,0
1700643052.7535255,0.042067,10304,753,0.027962,0,0.072194,1700643063.0031805,1,1700643054.7490244,1700643052.8269606,True,66162688.0,1700643054.5805182,1700643059.5856614,5.00514317,15.0,0.0,67629056.0,1700643059.5892334,5.10831785,1700643063.5225978,0
1700643052.7535255,0.042067,10304,753,0.027962,0,0.072194,1700643063.0198982,1,1700643054.9097507,1700643052.8269606,True,66154496.0,1700643054.5824645,1700643059.587515,5.00505066,15.0,0.0,67620864.0,1700643059.590495,5.10612798,1700643063.524082,0
1700643052.7535255,0.042067,10304,753,0.027962,0,0.072194,1700643063.065246,1,1700643054.5400422,1700643052.8269606,True,66154496.0,1700643054.593947,1700643059.5989976,5.00505066,15.0,0.0,67620864.0,1700643059.6027052,5.1177361,1700643063.5238698,0
1700643052.7535255,0.042067,10304,753,0.027962,0,0.072194,1700643063.0176213,1,1700643054.6260552,1700643052.8269606,True,66158592.0,1700643054.58964,1700643059.5947044,5.00506425,15.0,0.0,67305472.0,1700643059.5980985,5.10629106,1700643063.5254931,0
1700643052.7535255,0.042067,10304,753,0.027962,0,0.072194,1700643063.0233085,1,1700643055.0187433,1700643052.8269606,True,66224128.0,1700643054.9123373,1700643059.9144382,5.00210094,15.0,0.0,67514368.0,1700643059.9173615,5.07744145,1700643063.5245695,0
1700643052.7535255,0.042067,10304,753,0.027962,0,0.072194,1700643063.0011537,1,1700643054.8198109,1700643052.8269606,True,66224128.0,1700643054.908938,1700643059.9104433,5.00150537,15.0,0.0,67407872.0,1700643059.9145887,5.07242703,1700643063.525709,0
1700643052.7535255,0.042067,10304,753,0.027962,0,0.072194,1700643063.0415444,1,1700643055.0604856,1700643052.8269606,True,66224128.0,1700643054.904692,1700643059.906515,5.00182295,15.0,0.0,67407872.0,1700643059.9136226,5.06819487,1700643063.5263112,0
1700643052.7535255,0.042067,10304,753,0.027962,0,0.072194,1700643063.0102284,1,1700643055.2949371,1700643052.8269606,True,66228224.0,1700643054.919813,1700643059.9224453,5.00263262,15.0,0.0,67407872.0,1700643059.9264395,5.07905722,1700643063.526497,0
1700643052.7535255,0.042067,10304,753,0.027962,0,0.072194,1700643063.0731585,1,1700643055.2683206,1700643052.8269606,True,66232320.0,1700643054.9091003,1700643059.9104445,5.00134397,15.0,0.0,67518464.0,1700643059.9149375,5.06518674,1700643063.52685,0
1700643052.7535255,0.042067,10304,753,0.027962,0,0.072194,1700643063.0266352,1,1700643055.1346283,1700643052.8269606,True,66232320.0,1700643054.9333253,1700643059.9344485,5.00112319,15.0,0.0,67457024.0,1700643059.9378092,5.08522463,1700643063.527697,0
1700643052.7535255,0.042067,10304,753,0.027962,0,0.072194,1700643063.0681722,1,1700643054.9768171,1700643052.8269606,True,66232320.0,1700643054.9169588,1700643059.9184422,5.00148344,15.0,0.0,67035136.0,1700643059.9216945,5.0665431,1700643063.527226,0
1700643052.7535255,0.042067,10304,753,0.027962,0,0.072194,1700643063.0605628,1,1700643055.063105,1700643052.8269606,True,66232320.0,1700643054.9230864,1700643059.926449,5.00336266,15.0,0.0,67457024.0,1700643059.9294288,5.07213068,1700643063.52752,0
1700643052.7535255,0.042067,10304,753,0.027962,0,0.072194,1700643063.0579326,1,1700643055.0885804,1700643052.8269606,True,66232320.0,1700643054.920087,1700643059.9225187,5.00243163,15.0,0.0,67035136.0,1700643059.9266963,5.06754541,1700643063.5278811,0
1700643052.7535255,0.042067,10304,753,0.027962,0,0.072194,1700643063.0136063,1,1700643054.9947453,1700643052.8269606,True,66232320.0,1700643054.918493,1700643059.9224465,5.00395322,15.0,0.0,67416064.0,1700643059.9261005,5.06477547,1700643063.5284133,0
1700643052.7535255,0.042067,10304,753,0.027962,0,0.072194,1700643063.0592546,1,1700643055.229453,1700643052.8269606,True,66232320.0,1700643054.931881,1700643059.9344418,5.00256085,15.0,0.0,67522560.0,1700643059.9380198,5.07457137,1700643063.5298507,0
1700643052.7535255,0.042067,10304,753,0.027962,0,0.072194,1700643063.039389,1,1700643055.1340275,1700643052.8269606,True,66236416.0,1700643054.9282608,1700643059.9304435,5.00218272,15.0,0.0,67526656.0,1700643059.9333737,5.06720924,1700643063.5304103,0
1700643052.7535255,0.042067,10304,753,0.027962,0,0.072194,1700643063.045077,1,1700643054.756805,1700643052.8269606,True,66121728.0,1700643054.8717153,1700643059.8744507,5.00273538,15.0,0.0,67469312.0,1700643059.8788872,5.0689621,1700643063.530976,0
1700643052.7535255,0.042067,10304,753,0.027962,0,0.072194,1700643063.036917,1,1700643055.2816644,1700643052.8269606,True,66121728.0,1700643054.869527,1700643059.8744457,5.00491834,15.0,0.0,67284992.0,1700643059.8787975,5.06693673,1700643063.531275,0
1700643052.7535255,0.042067,10304,753,0.027962,0,0.072194,1700643063.0324168,1,1700643054.98829,1700643052.8269606,True,66121728.0,1700643054.885376,1700643059.8864455,5.00106955,15.0,0.0,67469312.0,1700643059.8902483,5.07614112,1700643063.5331838,0
1700643052.7535255,0.042067,10304,753,0.027962,0,0.072194,1700643063.0775518,1,1700643054.9864802,1700643052.8269606,True,66129920.0,1700643054.8718565,1700643059.8744411,5.0025847,15.0,0.0,67407872.0,1700643059.8785532,5.06308675,1700643063.5334027,0
1700643052.7535255,0.042067,10304,753,0.027962,0,0.072194,1700643063.0525067,1,1700643055.0405421,1700643052.8269606,True,66129920.0,1700643054.888843,1700643059.890519,5.00167561,15.0,0.0,67473408.0,1700643059.8940194,5.07728052,1700643063.5338092,0
1700643052.7535255,0.042067,10304,753,0.027962,0,0.072194,1700643063.04783,1,1700643055.1874428,1700643052.8269606,True,66129920.0,1700643054.8858638,1700643059.8909185,5.00505471,15.0,0.0,67477504.0,1700643059.8949838,5.0763557,1700643063.5341473,0
1700643052.7535255,0.042067,10304,753,0.027962,0,0.072194,1700643063.0540397,1,1700643055.2264302,1700643052.8269606,True,66129920.0,1700643054.8844454,1700643059.8865166,5.00207114,15.0,0.0,67477504.0,1700643059.8906128,5.06963205,1700643063.534418,0
1700643052.7535255,0.042067,10304,753,0.027962,0,0.072194,1700643063.098181,1,1700643054.9369478,1700643052.8269606,True,66129920.0,1700643054.8847623,1700643059.8864453,5.001683,15.0,0.0,67477504.0,1700643059.889937,5.06728148,1700643063.534773,0
1700643052.7535255,0.042067,10304,753,0.027962,0,0.072194,1700643063.096544,1,1700643054.861629,1700643052.8269606,True,66129920.0,1700643054.8868194,1700643059.8905115,5.00369215,15.0,0.0,67477504.0,1700643059.8943,5.0697155,1700643063.535643,0
1700643052.7535255,0.042067,10304,753,0.027962,0,0.072194,1700643063.0309944,1,1700643054.8342993,1700643052.8269606,True,66129920.0,1700643054.887021,1700643059.8905134,5.00349236,15.0,0.0,67477504.0,1700643059.8948178,5.06776881,1700643063.5357945,0
1700643052.7535255,0.042067,10304,753,0.027962,0,0.072194,1700643063.077695,1,1700643054.7881913,1700643052.8269606,True,66129920.0,1700643054.899468,1700643059.9025226,5.00305462,15.0,0.0,67477504.0,1700643059.9062402,5.07681274,1700643063.5369146,0
1700643052.7535255,0.042067,10304,753,0.027962,0,0.072194,1700643063.0430272,1,1700643054.8293316,1700643052.8269606,True,66138112.0,1700643054.8991597,1700643059.902444,5.00328445,15.0,0.0,67485696.0,1700643059.9056983,5.07335854,1700643063.5371375,0
1700643052.7535255,0.042067,10304,753,0.027962,0,0.072194,1700643063.0902295,1,1700643055.1161683,1700643052.8269606,True,66146304.0,1700643054.795138,1700643059.798511,5.00337291,15.0,0.0,67084288.0,1700643059.8028183,5.07085538,1700643063.5384393,0
1700643052.7535255,0.042067,10304,753,0.027962,0,0.072194,1700643063.0832562,1,1700643054.6372268,1700643052.8269606,True,66146304.0,1700643054.8058946,1700643059.810439,5.0045445,15.0,0.0,67084288.0,1700643059.8133905,5.07953525,1700643063.5395408,0
1700643052.7535255,0.042067,10304,753,0.027962,0,0.072194,1700643063.0820832,1,1700643054.6497538,1700643052.8269606,True,66146304.0,1700643054.8063824,1700643059.8104477,5.00406504,15.0,0.0,67084288.0,1700643059.815008,5.07957745,1700643063.5390527,0
1700643052.7535255,0.042067,10304,753,0.027962,0,0.072194,1700643063.0812104,1,1700643055.1036816,1700643052.8269606,True,66146304.0,1700643054.7936275,1700643059.7985137,5.00488615,15.0,0.0,67084288.0,1700643059.8030896,5.0661509,1700643063.5427206,0
1700643052.7535255,0.042067,10304,753,0.027962,0,0.072194,1700643063.0945845,1,1700643054.7665174,1700643052.8269606,True,66150400.0,1700643054.8008676,1700643059.8024435,5.00157595,15.0,0.0,67186688.0,1700643059.8057082,5.06725597,1700643063.544742,0
1700643052.7535255,0.042067,10304,753,0.027962,0,0.072194,1700643063.050959,1,1700643054.9305208,1700643052.8269606,True,66154496.0,1700643054.7987535,1700643059.802451,5.00369716,15.0,0.0,67092480.0,1700643059.8068829,5.06675076,1700643063.545642,0
1700643052.7535255,0.042067,10304,753,0.027962,0,0.072194,1700643063.0757432,1,1700643054.6535919,1700643052.8269606,True,66154496.0,1700643054.7968094,1700643059.7985122,5.00170279,15.0,0.0,67133440.0,1700643059.803088,5.06163883,1700643063.547711,0
1700643052.7535255,0.042067,10304,753,0.027962,0,0.072194,1700643063.0709558,1,1700643055.1778853,1700643052.8269606,True,66154496.0,1700643054.805339,1700643059.806451,5.00111198,15.0,0.0,67092480.0,1700643059.810235,5.06716895,1700643063.5479977,0
1700643052.7535255,0.042067,10304,753,0.027962,0,0.072194,1700643063.080281,1,1700643054.9555016,1700643052.8269606,True,66154496.0,1700643054.8068635,1700643059.8104415,5.00357795,15.0,0.0,67092480.0,1700643059.8143568,5.06865144,1700643063.5489607,0
1700643052.7535255,0.042067,10304,753,0.027962,0,0.072194,1700643063.0892396,1,1700643054.7992587,1700643052.8269606,True,66154496.0,1700643054.8096898,1700643059.8145597,5.00486994,15.0,0.0,67092480.0,1700643059.8171933,5.06979895,1700643063.551297,0
1700643052.7535255,0.042067,10304,753,0.027962,0,0.072194,1700643063.0864365,1,1700643054.847984,1700643052.8269606,True,66154496.0,1700643054.8153226,1700643059.8184423,5.00311971,15.0,0.0,67092480.0,1700643059.8219936,5.07218432,1700643063.55309,0
1700643052.7535255,0.042067,10304,753,0.027962,0,0.072194,1700643063.08557,1,1700643055.1154957,1700643052.8269606,True,66154496.0,1700643054.815454,1700643059.8184435,5.00298953,15.0,0.0,67092480.0,1700643059.821769,5.06945848,1700643063.5543716,0
1700643052.7535255,0.042067,10304,753,0.027962,0,0.072194,1700643063.0785527,1,1700643054.7596061,1700643052.8269606,True,66125824.0,1700643054.6013029,1700643059.6064456,5.00514269,15.0,0.0,67223552.0,1700643059.609794,5.10849094,1700643063.5555344,0
1700643052.7535255,0.042067,10304,753,0.027962,0,0.072194,1700643063.0847526,1,1700643054.6432018,1700643052.8269606,True,66125824.0,1700643054.5901206,1700643059.5939791,5.00385857,15.0,0.0,67227648.0,1700643059.5982876,5.09399247,1700643063.5551343,0
1700643052.7535255,0.042067,10304,753,0.027962,0,0.072194,1700643063.0873165,1,1700643054.712467,1700643052.8269606,True,66125824.0,1700643054.611566,1700643059.6139994,5.0024333,15.0,0.0,67223552.0,1700643059.6173146,5.09394717,1700643063.5559428,0
1700643052.7535255,0.042067,10304,753,0.027962,0,0.072194,1700643063.1194887,1,1700643054.7986321,1700643052.8269606,True,66134016.0,1700643054.6235394,1700643059.6258943,5.0023551,15.0,0.0,67297280.0,1700643059.629794,5.09634781,1700643063.557822,0
1700643052.7535255,0.042067,10304,753,0.027962,0,0.072194,1700643063.079419,1,1700643054.4736977,1700643052.8269606,True,66134016.0,1700643054.635339,1700643059.638034,5.00269508,15.0,0.0,67231744.0,1700643059.641423,5.10768819,1700643063.55945,0
1700643052.7535255,0.042067,10304,753,0.027962,0,0.072194,1700643063.0991828,1,1700643054.6164763,1700643052.8269606,True,66129920.0,1700643054.617786,1700643059.622904,5.00511813,15.0,0.0,67231744.0,1700643059.625918,5.08935189,1700643063.5581913,0
1700643052.7535255,0.042067,10304,753,0.027962,0,0.072194,1700643063.0751412,1,1700643054.9135277,1700643052.8269606,True,66134016.0,1700643054.6192377,1700643059.6243005,5.00506282,15.0,0.0,67231744.0,1700643059.628116,5.07985449,1700643063.5589204,0
1700643052.7535255,0.042067,10304,753,0.027962,0,0.072194,1700643063.093209,1,1700643055.000966,1700643052.8269606,True,66134016.0,1700643054.6564126,1700643059.6614664,5.00505376,15.0,0.0,67235840.0,1700643059.6644208,5.08828473,1700643063.5614464,0
1700643052.7535255,0.042067,10304,753,0.027962,0,0.072194,1700643063.102467,1,1700643054.6497676,1700643052.8269606,True,66134016.0,1700643054.638195,1700643059.6433506,5.00515556,15.0,0.0,67231744.0,1700643059.646619,5.06959605,1700643063.5616992,0
1700643052.7535255,0.042067,10304,753,0.027962,0,0.072194,1700643063.0921214,1,1700643054.6838145,1700643052.8269606,True,66138112.0,1700643054.63757,1700643059.6419735,5.00440383,15.0,0.0,67235840.0,1700643059.6446917,5.06654,1700643063.564672,0
1700643052.7535255,0.042067,10304,753,0.027962,0,0.072194,1700643063.084226,1,1700643054.8666658,1700643052.8269606,True,66142208.0,1700643054.644349,1700643059.64598,5.00163078,15.0,0.0,67239936.0,1700643059.6490602,5.07043028,1700643063.5634165,0
1700643052.7535255,0.042067,10304,753,0.027962,0,0.072194,1700643063.0954902,1,1700643054.6201384,1700643052.8269606,True,66138112.0,1700643054.6403804,1700643059.6454408,5.00506043,15.0,0.0,67239936.0,1700643059.6483667,5.06975055,1700643063.5654287,0
1700643052.7535255,0.042067,10304,753,0.027962,0,0.072194,1700643063.0912073,1,1700643054.8322492,1700643052.8269606,True,66191360.0,1700643054.7913816,1700643059.7938955,5.00251412,15.0,0.0,67231744.0,1700643059.7975445,5.11520839,1700643063.5665967,0
1700643052.7535255,0.042067,10304,753,0.027962,0,0.072194,1700643063.1013386,1,1700643054.6434343,1700643052.8269606,True,66191360.0,1700643054.762034,1700643059.76602,5.00398612,15.0,0.0,67227648.0,1700643059.7700803,5.08611798,1700643063.5664065,0
1700643052.7535255,0.042067,10304,753,0.027962,0,0.072194,1700643063.1095965,1,1700643054.821519,1700643052.8269606,True,66191360.0,1700643054.772159,1700643059.773891,5.00173163,15.0,0.0,67297280.0,1700643059.777587,5.09083414,1700643063.5671165,0
1700643052.7535255,0.042067,10304,753,0.027962,0,0.072194,1700643063.0990107,1,1700643055.1087434,1700643052.8269606,True,66199552.0,1700643054.756471,1700643059.757963,5.00149226,15.0,0.0,67235840.0,1700643059.7616842,5.07389975,1700643063.5673578,0
1700643052.7535255,0.042067,10304,753,0.027962,0,0.072194,1700643063.13449,1,1700643054.967599,1700643052.8269606,True,66199552.0,1700643054.7735317,1700643059.7779553,5.00442362,15.0,0.0,67420160.0,1700643059.781672,5.09236407,1700643063.5675364,0
1700643052.7535255,0.042067,10304,753,0.027962,0,0.072194,1700643063.1412537,1,1700643055.0771286,1700643052.8269606,True,66195456.0,1700643054.7524366,1700643059.7575543,5.00511765,15.0,0.0,67264512.0,1700643059.7613294,5.06923318,1700643063.5683205,0
1700643052.7535255,0.042067,10304,753,0.027962,0,0.072194,1700643063.1478868,1,1700643054.6006489,1700643052.8269606,True,66199552.0,1700643054.7556372,1700643059.760693,5.0050559,15.0,0.0,67239936.0,1700643059.7636185,5.07019186,1700643063.5680528,0
1700643052.7535255,0.042067,10304,753,0.027962,0,0.072194,1700643063.182765,1,1700643054.825755,1700643052.8269606,True,66199552.0,1700643054.758234,1700643059.763348,5.00511384,15.0,0.0,67235840.0,1700643059.766269,5.07106256,1700643063.5684974,0
1700643052.7535255,0.042067,10304,753,0.027962,0,0.072194,1700643063.1463473,1,1700643054.9373288,1700643052.8269606,True,66199552.0,1700643054.7629917,1700643059.766026,5.00303435,15.0,0.0,67268608.0,1700643059.7697492,5.07161999,1700643063.5689766,0
1700643052.7535255,0.042067,10304,753,0.027962,0,0.072194,1700643063.1701446,1,1700643055.1654618,1700643052.8269606,True,66199552.0,1700643054.7633908,1700643059.768459,5.00506854,15.0,0.0,67235840.0,1700643059.771343,5.07016444,1700643063.568725,0
1700643052.7535255,0.042067,10304,753,0.027962,0,0.072194,1700643063.25482,1,1700643054.8573613,1700643052.8269606,True,66199552.0,1700643054.7634475,1700643059.7659457,5.00249815,15.0,0.0,67305472.0,1700643059.7695584,5.06568003,1700643063.5692518,0
1700643052.7535255,0.042067,10304,753,0.027962,0,0.072194,1700643063.1538,1,1700643055.1701443,1700643052.8269606,True,66203648.0,1700643054.7700822,1700643059.7738862,5.00380397,15.0,0.0,67239936.0,1700643059.7773566,5.07047319,1700643063.5702066,0
1700643052.7535255,0.042067,10304,753,0.027962,0,0.072194,1700643063.1604178,1,1700643054.7349603,1700643052.8269606,True,66121728.0,1700643054.7459466,1700643059.749988,5.00404143,15.0,0.0,67162112.0,1700643059.7536707,5.07223392,1700643063.5704668,0
1700643052.7535255,0.042067,10304,753,0.027962,0,0.072194,1700643063.156397,1,1700643054.9806926,1700643052.8269606,True,66121728.0,1700643054.752836,1700643059.75799,5.00515413,15.0,0.0,67162112.0,1700643059.7617311,5.07857871,1700643063.5707133,0
1700643052.7535255,0.042067,10304,753,0.027962,0,0.072194,1700643063.1653547,1,1700643055.138191,1700643052.8269606,True,66125824.0,1700643054.748375,1700643059.7534957,5.00512075,15.0,0.0,67170304.0,1700643059.7565527,5.07160735,1700643063.571241,0
1700643052.7535255,0.042067,10304,753,0.027962,0,0.072194,1700643063.178553,1,1700643054.922361,1700643052.8269606,True,66129920.0,1700643054.7693658,1700643059.773886,5.00452018,15.0,0.0,67166208.0,1700643059.7776554,5.09074545,1700643063.5717206,0
1700643052.7535255,0.042067,10304,753,0.027962,0,0.072194,1700643063.1632144,1,1700643055.1000934,1700643052.8269606,True,66129920.0,1700643054.7560906,1700643059.7578866,5.00179601,15.0,0.0,67170304.0,1700643059.761431,5.07228804,1700643063.5724893,0
1700643052.7535255,0.042067,10304,753,0.027962,0,0.072194,1700643063.1723063,1,1700643055.1611977,1700643052.8269606,True,66125824.0,1700643054.7570455,1700643059.762103,5.00505757,15.0,0.0,67166208.0,1700643059.7650976,5.07336521,1700643063.57275,0
1700643052.7535255,0.042067,10304,753,0.027962,0,0.072194,1700643063.1806672,1,1700643055.0781856,1700643052.8269606,True,66129920.0,1700643054.7625854,1700643059.7677047,5.00511932,15.0,0.0,67170304.0,1700643059.7707734,5.07552147,1700643063.5736668,0
1700643052.7535255,0.042067,10304,753,0.027962,0,0.072194,1700643063.187505,1,1700643054.8238332,1700643052.8269606,True,66129920.0,1700643054.764222,1700643059.769283,5.00506115,15.0,0.0,67170304.0,1700643059.7733607,5.07488871,1700643063.57311,0
1700643052.7535255,0.042067,10304,753,0.027962,0,0.072194,1700643063.2077365,1,1700643055.1441362,1700643052.8269606,True,66129920.0,1700643054.7693582,1700643059.7738862,5.00452805,15.0,0.0,67170304.0,1700643059.7785945,5.07706141,1700643063.5738394,0
1700643052.7535255,0.042067,10304,753,0.027962,0,0.072194,1700643063.1676545,1,1700643054.8645132,1700643052.8269606,True,66129920.0,1700643054.7724483,1700643059.7738864,5.0014379,15.0,0.0,67170304.0,1700643059.7773535,5.07328415,1700643063.5740266,0
1700643052.7535255,0.042067,10304,753,0.027962,0,0.072194,1700643063.1995533,1,1700643055.1309233,1700643052.8269606,True,66134016.0,1700643054.768064,1700643059.7698908,5.00182676,15.0,0.0,67178496.0,1700643059.7734056,5.06694841,1700643063.575312,0
1700643052.7535255,0.042067,10304,753,0.027962,0,0.072194,1700643063.1913865,1,1700643054.637183,1700643052.8269606,True,66134016.0,1700643054.776034,1700643059.7779553,5.00192118,15.0,0.0,67174400.0,1700643059.78171,5.07270861,1700643063.574654,0
1700643052.7535255,0.042067,10304,753,0.027962,0,0.072194,1700643063.2251549,1,1700643055.1490846,1700643052.8269606,True,66187264.0,1700643054.8784878,1700643059.8819957,5.00350785,15.0,0.0,67182592.0,1700643059.8857234,5.06779218,1700643063.5760944,0
1700643052.7535255,0.042067,10304,753,0.027962,0,0.072194,1700643063.1743646,1,1700643055.0703688,1700643052.8269606,True,66187264.0,1700643054.8877714,1700643059.8898945,5.00212312,15.0,0.0,67117056.0,1700643059.8945165,5.0746603,1700643063.5750103,0
1700643052.7535255,0.042067,10304,753,0.027962,0,0.072194,1700643063.194339,1,1700643055.3186243,1700643052.8269606,True,66187264.0,1700643054.8826635,1700643059.8858922,5.00322843,15.0,0.0,67244032.0,1700643059.890123,5.06912017,1700643063.5775545,0
1700643052.7535255,0.042067,10304,753,0.027962,0,0.072194,1700643063.2147071,1,1700643054.744949,1700643052.8269606,True,66195456.0,1700643054.889502,1700643059.893895,5.00439262,15.0,0.0,67186688.0,1700643059.8970969,5.07456112,1700643063.577248,0
1700643052.7535255,0.042067,10304,753,0.027962,0,0.072194,1700643063.2481573,1,1700643055.0501385,1700643052.8269606,True,66195456.0,1700643054.8835597,1700643059.8858917,5.00233197,15.0,0.0,67284992.0,1700643059.8904784,5.06650305,1700643063.578313,0
1700643052.7535255,0.042067,10304,753,0.027962,0,0.072194,1700643063.18497,1,1700643055.2818153,1700643052.8269606,True,66191360.0,1700643054.884158,1700643059.8859594,5.00180149,15.0,0.0,67223552.0,1700643059.891045,5.0655117,1700643063.578772,0
1700643052.7535255,0.042067,10304,753,0.027962,0,0.072194,1700643063.2169669,1,1700643055.0569077,1700643052.8269606,True,66195456.0,1700643054.8827894,1700643059.8859625,5.00317311,15.0,0.0,67223552.0,1700643059.890581,5.06348968,1700643063.5809376,0
1700643052.7535255,0.042067,10304,753,0.027962,0,0.072194,1700643063.2199106,1,1700643055.1718447,1700643052.8269606,True,66195456.0,1700643054.8886864,1700643059.889892,5.00120544,15.0,0.0,67190784.0,1700643059.893376,5.06470847,1700643063.5813518,0
1700643052.7535255,0.042067,10304,753,0.027962,0,0.072194,1700643063.2715497,1,1700643054.8797312,1700643052.8269606,True,66195456.0,1700643054.8864906,1700643059.8898962,5.00340557,15.0,0.0,67227648.0,1700643059.8936124,5.06326032,1700643063.5815015,0
1700643052.7535255,0.042067,10304,753,0.027962,0,0.072194,1700643063.2122738,1,1700643055.1136134,1700643052.8269606,True,66195456.0,1700643054.9007816,1700643059.9018967,5.00111508,15.0,0.0,67190784.0,1700643059.9054875,5.07343102,1700643063.5820105,0
1700643052.7535255,0.042067,10304,753,0.027962,0,0.072194,1700643063.1960416,1,1700643055.1620967,1700643052.8269606,True,66195456.0,1700643054.8924067,1700643059.8939526,5.00154591,15.0,0.0,67256320.0,1700643059.897398,5.06307149,1700643063.582625,0
1700643052.7535255,0.042067,10304,753,0.027962,0,0.072194,1700643063.2584496,1,1700643055.120598,1700643052.8269606,True,66199552.0,1700643054.9000905,1700643059.901904,5.00181341,15.0,0.0,67194880.0,1700643059.9052482,5.06921005,1700643063.582366,0
1700643052.7535255,0.042067,10304,753,0.027962,0,0.072194,1700643063.2100153,1,1700643055.1663663,1700643052.8269606,True,66093056.0,1700643054.918039,1700643059.9217136,5.00367427,15.0,0.0,67215360.0,1700643059.9253204,5.07017136,1700643063.5833862,0
1700643052.7535255,0.042067,10304,753,0.027962,0,0.072194,1700643063.204929,1,1700643055.014052,1700643052.8269606,True,66093056.0,1700643054.9235363,1700643059.925712,5.00217557,15.0,0.0,67211264.0,1700643059.929325,5.07233834,1700643063.5836234,0
1700643052.7535255,0.042067,10304,753,0.027962,0,0.072194,1700643063.2310128,1,1700643055.058903,1700643052.8269606,True,66097152.0,1700643054.924038,1700643059.9257083,5.0016706,15.0,0.0,67284992.0,1700643059.9297442,5.07103419,1700643063.5841782,0
1700643052.7535255,0.042067,10304,753,0.027962,0,0.072194,1700643063.2212963,1,1700643055.1622648,1700643052.8269606,True,66101248.0,1700643054.9242463,1700643059.9257944,5.00154781,15.0,0.0,67244032.0,1700643059.9298663,5.0696137,1700643063.584771,0
1700643052.7535255,0.042067,10304,753,0.027962,0,0.072194,1700643063.283795,1,1700643055.3330207,1700643052.8269606,True,66101248.0,1700643054.938639,1700643059.9417171,5.00307822,15.0,0.0,67338240.0,1700643059.945516,5.08379412,1700643063.585119,0
1700643052.7535255,0.042067,10304,753,0.027962,0,0.072194,1700643063.2237732,1,1700643054.785494,1700643052.8269606,True,66097152.0,1700643054.9253674,1700643059.9297152,5.0043478,15.0,0.0,67215360.0,1700643059.9326203,5.06799126,1700643063.5863276,0
1700643052.7535255,0.042067,10304,753,0.027962,0,0.072194,1700643063.2425184,1,1700643054.9204082,1700643052.8269606,True,66101248.0,1700643054.9391615,1700643059.941713,5.00255156,15.0,0.0,67219456.0,1700643059.945083,5.07875443,1700643063.5886075,0
1700643052.7535255,0.042067,10304,753,0.027962,0,0.072194,1700643063.2401206,1,1700643054.769932,1700643052.8269606,True,66101248.0,1700643054.936385,1700643059.9377084,5.00132346,15.0,0.0,67219456.0,1700643059.9411144,5.07245183,1700643063.5908694,0
1700643052.7535255,0.042067,10304,753,0.027962,0,0.072194,1700643063.227699,1,1700643055.336647,1700643052.8269606,True,66101248.0,1700643054.9435935,1700643059.9457088,5.00211501,15.0,0.0,67223552.0,1700643059.9493222,5.07790208,1700643063.5918388,0
1700643052.7535255,0.042067,10304,753,0.027962,0,0.072194,1700643063.2364824,1,1700643054.8477528,1700643052.8269606,True,66101248.0,1700643054.93517,1700643059.9377053,5.00253534,15.0,0.0,67219456.0,1700643059.9413846,5.06645536,1700643063.5927782,0
1700643052.7535255,0.042067,10304,753,0.027962,0,0.072194,1700643063.2729468,1,1700643055.1621566,1700643052.8269606,True,66105344.0,1700643054.949535,1700643059.953712,5.00417709,15.0,0.0,67252224.0,1700643059.9566536,5.07898521,1700643063.5967312,0
1700643052.7535255,0.042067,10304,753,0.027962,0,0.072194,1700643063.2621267,1,1700643055.1175642,1700643052.8269606,True,66105344.0,1700643054.9528024,1700643059.9577088,5.00490642,15.0,0.0,67223552.0,1700643059.9621463,5.08126521,1700643063.5950005,0
1700643052.7535255,0.042067,10304,753,0.027962,0,0.072194,1700643063.2327032,1,1700643054.789631,1700643052.8269606,True,66125824.0,1700643054.4703352,1700643059.4737856,5.00345039,15.0,0.0,67223552.0,1700643059.476573,5.08583164,1700643063.5972142,0
1700643052.7535255,0.042067,10304,753,0.027962,0,0.072194,1700643063.2701662,1,1700643054.7020261,1700643052.8269606,True,66125824.0,1700643054.456525,1700643059.461668,5.00514293,15.0,0.0,67223552.0,1700643059.4658778,5.07160759,1700643063.5982468,0
1700643052.7535255,0.042067,10304,753,0.027962,0,0.072194,1700643063.286755,1,1700643054.4586995,1700643052.8269606,True,66125824.0,1700643054.4720318,1700643059.4770916,5.00505972,15.0,0.0,67223552.0,1700643059.480101,5.08461499,1700643063.5989666,0
1700643052.7535255,0.042067,10304,753,0.027962,0,0.072194,1700643063.2438374,1,1700643054.8574681,1700643052.8269606,True,66129920.0,1700643054.4579997,1700643059.4631166,5.00511694,15.0,0.0,67227648.0,1700643059.4666808,5.07013845,1700643063.5990984,0
1700643052.7535255,0.042067,10304,753,0.027962,0,0.072194,1700643063.2751038,1,1700643054.6026778,1700643052.8269606,True,66134016.0,1700643054.4634736,1700643059.468532,5.00505853,15.0,0.0,67227648.0,1700643059.471793,5.07267594,1700643063.5997603,0
1700643052.7535255,0.042067,10304,753,0.027962,0,0.072194,1700643063.252021,1,1700643054.4487631,1700643052.8269606,True,66134016.0,1700643054.4956195,1700643059.5006802,5.00506067,15.0,0.0,67231744.0,1700643059.5040832,5.10429621,1700643063.59938,0
1700643052.7535255,0.042067,10304,753,0.027962,0,0.072194,1700643063.2948153,1,1700643054.638271,1700643052.8269606,True,66134016.0,1700643054.4815772,1700643059.486695,5.00511789,15.0,0.0,67231744.0,1700643059.4897454,5.08725381,1700643063.6003375,0
1700643052.7535255,0.042067,10304,753,0.027962,0,0.072194,1700643063.291428,1,1700643054.8747518,1700643052.8269606,True,66134016.0,1700643054.4813926,1700643059.4857066,5.00431395,15.0,0.0,67231744.0,1700643059.4885366,5.0853405,1700643063.6006274,0
1700643052.7535255,0.042067,10304,753,0.027962,0,0.072194,1700643063.260815,1,1700643054.7799468,1700643052.8269606,True,66134016.0,1700643054.4786484,1700643059.483714,5.00506544,15.0,0.0,67231744.0,1700643059.4867227,5.08138919,1700643063.6004856,0
1700643052.7535255,0.042067,10304,753,0.027962,0,0.072194,1700643063.2657013,1,1700643054.3446248,1700643052.8269606,True,66138112.0,1700643054.4987395,1700643059.5017102,5.00297046,15.0,0.0,67235840.0,1700643059.504705,5.09789872,1700643063.6001997,0
1700643052.7535255,0.042067,10304,753,0.027962,0,0.072194,1700643063.2966294,1,1700643054.7637827,1700643052.8269606,True,66138112.0,1700643054.4878488,1700643059.4914489,5.00360012,15.0,0.0,67235840.0,1700643059.4941838,5.08602333,1700643063.6008515,0
1700643052.7535255,0.042067,10304,753,0.027962,0,0.072194,1700643063.306258,1,1700643054.67175,1700643052.8269606,True,66142208.0,1700643054.4738965,1700643059.4789534,5.0050571,15.0,0.0,67239936.0,1700643059.482004,5.07199502,1700643063.6018877,0
1700643052.7535255,0.042067,10304,753,0.027962,0,0.072194,1700643063.2796254,1,1700643055.2287145,1700643052.8269606,True,66224128.0,1700643054.924667,1700643059.9297109,5.00504398,15.0,0.0,67158016.0,1700643059.9327514,5.07533503,1700643063.601693,0
1700643052.7535255,0.042067,10304,753,0.027962,0,0.072194,1700643063.288725,1,1700643054.8651235,1700643052.8269606,True,66224128.0,1700643054.9333,1700643059.9377065,5.00440645,15.0,0.0,67092480.0,1700643059.9405606,5.08135748,1700643063.602294,0
1700643052.7535255,0.042067,10304,753,0.027962,0,0.072194,1700643063.2905023,1,1700643055.0372493,1700643052.8269606,True,66224128.0,1700643054.9211369,1700643059.925711,5.00457382,15.0,0.0,67158016.0,1700643059.9291315,5.06797862,1700643063.6027126,0
1700643052.7535255,0.042067,10304,753,0.027962,0,0.072194,1700643063.2688158,1,1700643054.8175063,1700643052.8269606,True,66228224.0,1700643054.9339657,1700643059.9386468,5.00468111,15.0,0.0,67162112.0,1700643059.94164,5.07852054,1700643063.6029787,0
1700643052.7535255,0.042067,10304,753,0.027962,0,0.072194,1700643063.2817178,1,1700643055.0578067,1700643052.8269606,True,66232320.0,1700643054.9291017,1700643059.9337158,5.00461435,15.0,0.0,67194880.0,1700643059.9367716,5.07263422,1700643063.6032488,0
1700643052.7535255,0.042067,10304,753,0.027962,0,0.072194,1700643063.293933,1,1700643054.9454684,1700643052.8269606,True,66228224.0,1700643054.9292212,1700643059.9342735,5.00505233,15.0,0.0,67162112.0,1700643059.9378538,5.07041311,1700643063.6034,0
1700643052.7535255,0.042067,10304,753,0.027962,0,0.072194,1700643063.2937322,1,1700643054.973952,1700643052.8269606,True,66232320.0,1700643054.9384882,1700643059.9417336,5.00324535,15.0,0.0,67166208.0,1700643059.9467354,5.07764721,1700643063.603547,0
1700643052.7535255,0.042067,10304,753,0.027962,0,0.072194,1700643063.2915468,1,1700643054.9724412,1700643052.8269606,True,66232320.0,1700643054.9372327,1700643059.94171,5.00447726,15.0,0.0,67166208.0,1700643059.946598,5.07402325,1700643063.6038237,0
1700643052.7535255,0.042067,10304,753,0.027962,0,0.072194,1700643063.2964995,1,1700643055.1497078,1700643052.8269606,True,66232320.0,1700643054.94073,1700643059.9457097,5.00497961,15.0,0.0,67194880.0,1700643059.948418,5.0730927,1700643063.6039622,0
1700643052.7535255,0.042067,10304,753,0.027962,0,0.072194,1700643063.296781,1,1700643054.8602192,1700643052.8269606,True,66232320.0,1700643054.9393368,1700643059.94171,5.00237322,15.0,0.0,67166208.0,1700643059.946408,5.06867385,1700643063.6042466,0
1700643052.7535255,0.042067,10304,753,0.027962,0,0.072194,1700643063.2956572,1,1700643055.2753482,1700643052.8269606,True,66232320.0,1700643054.9376228,1700643059.9417162,5.00409341,15.0,0.0,67198976.0,1700643059.9449923,5.06505919,1700643063.6040978,0
1700643052.7535255,0.042067,10304,753,0.027962,0,0.072194,1700643063.2868862,1,1700643054.840688,1700643052.8269606,True,66236416.0,1700643054.939436,1700643059.9417183,5.00228238,15.0,0.0,67104768.0,1700643059.9470575,5.06470919,1700643063.604549,0
1700643052.7535255,0.042067,10304,753,0.027962,0,0.072194,1700643063.2924204,1,1700643054.8199975,1700643052.8269606,True,66289664.0,1700643054.7122033,1700643059.713713,5.00150967,15.0,0.0,67645440.0,1700643059.7171469,5.06178665,1700643063.604729,0
1700643052.7535255,0.042067,10304,753,0.027962,0,0.072194,1700643063.2896547,1,1700643054.8113146,1700643052.8269606,True,66289664.0,1700643054.7254026,1700643059.7297833,5.0043807,15.0,0.0,67645440.0,1700643059.734459,5.07777023,1700643063.60542,0
1700643052.7535255,0.042067,10304,753,0.027962,0,0.072194,1700643063.3009827,1,1700643054.992123,1700643052.8269606,True,66289664.0,1700643054.7263775,1700643059.7297132,5.00333548,15.0,0.0,67641344.0,1700643059.7340417,5.0760591,1700643063.6052785,0
1700643052.7535255,0.042067,10304,753,0.027962,0,0.072194,1700643063.307382,1,1700643054.8902454,1700643052.8269606,True,66289664.0,1700643054.718679,1700643059.7217836,5.00310469,15.0,0.0,67645440.0,1700643059.725478,5.06564546,1700643063.6051457,0
1700643052.7535255,0.042067,10304,753,0.027962,0,0.072194,1700643063.2999372,1,1700643054.8379252,1700643052.8269606,True,66297856.0,1700643054.7192743,1700643059.7217753,5.00250077,15.0,0.0,67252224.0,1700643059.7251906,5.06403255,1700643063.605546,0
1700643052.7535255,0.042067,10304,753,0.027962,0,0.072194,1700643063.2989,1,1700643054.7326334,1700643052.8269606,True,66297856.0,1700643054.726822,1700643059.7297068,5.00288463,15.0,0.0,67653632.0,1700643059.7343524,5.07108402,1700643063.6056669,0
1700643052.7535255,0.042067,10304,753,0.027962,0,0.072194,1700643063.2979207,1,1700643055.1284018,1700643052.8269606,True,66297856.0,1700643054.742901,1700643059.745708,5.0028069,15.0,0.0,67256320.0,1700643059.7484937,5.08355904,1700643063.60599,0
1700643052.7535255,0.042067,10304,753,0.027962,0,0.072194,1700643063.3075025,1,1700643055.042112,1700643052.8269606,True,66297856.0,1700643054.730563,1700643059.7356772,5.00511432,15.0,0.0,67588096.0,1700643059.738466,5.07179737,1700643063.6058736,0
1700643052.7535255,0.042067,10304,753,0.027962,0,0.072194,1700643063.307254,1,1700643054.7657137,1700643052.8269606,True,66297856.0,1700643054.728171,1700643059.7297077,5.00153637,15.0,0.0,67633152.0,1700643059.7336078,5.06587863,1700643063.606116,0
1700643052.7535255,0.042067,10304,753,0.027962,0,0.072194,1700643063.3035383,1,1700643055.0562918,1700643052.8269606,True,66301952.0,1700643054.732441,1700643059.7337072,5.00126624,15.0,0.0,67657728.0,1700643059.7366805,5.0663588,1700643063.6063375,0
1700643052.7535255,0.042067,10304,753,0.027962,0,0.072194,1700643063.3043826,1,1700643054.929052,1700643052.8269606,True,66301952.0,1700643054.7660758,1700643059.7697136,5.00363779,15.0,0.0,67260416.0,1700643059.7725775,5.10054159,1700643063.6066496,0
1700643052.7535255,0.042067,10304,753,0.027962,0,0.072194,1700643063.3026986,1,1700643054.6285825,1700643052.8269606,True,66301952.0,1700643054.7474246,1700643059.749704,5.00227952,15.0,0.0,67657728.0,1700643059.752519,5.07917428,1700643063.606914,0
